30 4
0 23 71 151 43 25 118 66 126 133 12 155 59 91 44 136 162 269 127 139 131 31 82 72 79 96 68 234 624 628 623
23 0 88 132 49 30 139 85 103 154 20 145 69 102 67 132 152 251 130 132 129 13 102 94 102 72 74 251 600 627 621
71 88 0 220 107 60 58 97 183 71 83 226 29 137 67 203 232 282 82 207 196 100 25 83 79 151 41 164 667 686 683
151 132 220 0 131 161 268 179 78 283 140 66 200 160 181 99 69 264 250 84 109 120 232 199 212 93 202 383 518 547 536
43 49 107 131 0 67 143 50 131 158 33 121 100 54 51 96 127 297 169 101 90 42 110 68 80 106 110 267 629 586 581
25 30 60 161 67 0 114 87 124 129 34 174 39 115 60 159 181 251 103 159 154 43 77 88 93 93 45 222 616 652 646
118 139 58 268 143 114 0 113 239 15 128 264 87 155 93 235 270 335 119 242 225 149 37 91 80 207 97 127 725 699 698
66 85 97 179 50 87 113 0 179 127 65 157 104 42 31 124 163 335 174 133 114 85 88 23 36 153 118 240 679 591 589
126 103 183 78 131 124 239 179 0 253 120 134 157 178 168 152 139 192 190 141 158 97 202 193 203 32 153 338 500 624 613
133 154 71 283 158 129 15 127 253 0 143 279 99 168 108 249 285 344 124 256 240 164 52 105 93 221 108 114 737 710 710
12 20 83 140 33 34 128 65 120 143 0 144 70 84 48 125 150 271 137 127 120 23 92 74 83 91 79 246 619 618 612
155 145 226 66 121 174 264 157 134 279 144 0 213 126 171 42 7 326 274 27 55 132 231 180 193 138 219 387 576 494 485
59 69 29 200 100 39 87 104 157 99 70 213 0 140 73 195 219 255 71 197 190 82 54 96 96 125 15 184 638 685 681
91 102 137 160 54 115 155 42 178 168 84 126 140 0 70 87 131 351 211 99 76 96 130 64 76 157 153 282 672 550 547
44 67 67 181 51 60 93 31 168 108 48 171 73 70 0 142 177 311 144 149 134 71 63 28 35 139 88 218 667 619 617
136 132 203 99 96 159 235 124 152 249 125 42 195 87 142 0 46 344 262 16 13 120 204 147 160 147 204 360 615 495 489
162 152 232 69 127 181 270 163 139 285 150 7 219 131 177 46 0 331 281 32 58 138 237 186 199 143 226 394 575 488 479
269 251 282 264 297 251 335 335 192 344 271 326 255 351 311 344 331 0 225 334 348 255 308 339 343 199 242 377 420 807 794
127 130 82 250 169 103 119 174 190 124 137 274 71 211 144 262 281 225 0 262 258 143 103 164 161 162 59 160 633 755 750
139 132 207 84 101 159 242 133 141 256 127 27 197 99 149 16 32 334 262 0 28 119 210 156 169 138 205 367 599 498 491
131 129 196 109 90 154 225 114 158 240 120 55 190 76 134 13 58 348 258 28 0 117 196 137 149 150 199 352 626 498 492
31 13 100 120 42 43 149 85 97 164 23 132 82 96 71 120 138 255 143 119 117 0 113 96 106 68 88 264 596 614 608
82 102 25 232 110 77 37 88 202 52 92 231 54 130 63 204 237 308 103 210 196 113 0 70 63 170 66 156 690 679 677
72 94 83 199 68 88 91 23 193 105 74 180 96 64 28 147 186 339 164 156 137 96 70 0 13 165 111 218 693 610 608
79 102 79 212 80 93 80 36 203 93 83 193 96 76 35 160 199 343 161 169 149 106 63 13 0 174 111 207 702 619 618
96 72 151 93 106 93 207 153 32 221 91 138 125 157 139 147 143 199 162 138 150 68 170 165 174 0 122 307 528 631 622
68 74 41 202 110 45 97 118 153 108 79 219 15 153 88 204 226 242 59 205 199 88 66 111 111 122 0 185 629 696 691
234 251 164 383 267 222 127 240 338 114 246 387 184 282 218 360 394 377 160 367 352 264 156 218 207 307 185 0 791 822 822
624 600 667 518 629 616 725 679 500 737 619 576 638 672 667 615 575 420 633 599 626 596 690 693 702 528 629 791 0 896 872
628 627 686 547 586 652 699 591 624 710 618 494 685 550 619 495 488 807 755 498 498 614 679 610 619 631 696 822 896 0 29
623 621 683 536 581 646 698 589 613 710 612 485 681 547 617 489 479 794 750 491 492 608 677 608 618 622 691 822 872 29 0
