30 4
0 379 196 500 371 467 584 421 564 512 413 454 503 350 164 139 543 614 539 145 102 235 639 303 369 549 211 323 224 460 357
379 0 380 878 51 158 959 79 943 888 791 132 879 514 409 424 172 991 916 510 333 407 1015 514 22 928 352 573 474 131 544
196 380 0 592 348 398 687 385 647 618 493 396 605 168 52 89 506 709 642 213 104 42 738 142 361 628 35 194 95 404 186
500 878 592 0 871 960 98 920 67 48 101 950 34 633 540 507 1043 117 56 386 568 604 146 569 869 60 627 519 525 956 608
371 51 348 871 0 121 955 51 934 883 781 98 874 473 382 400 172 985 910 495 313 372 1010 477 30 918 317 539 442 100 504
467 158 398 960 121 0 1048 79 1021 976 866 27 966 488 441 467 125 1076 1003 576 392 411 1102 508 145 1004 363 574 491 32 523
584 959 687 98 955 1048 0 1005 78 72 199 1037 83 731 635 601 1126 40 46 479 658 700 56 667 952 97 721 617 622 1043 706
421 79 385 920 51 79 1005 0 983 933 829 53 923 499 422 443 124 1035 960 542 359 405 1060 509 68 967 353 572 480 52 532
564 943 647 67 934 1021 78 983 0 87 156 1012 83 676 596 563 1106 72 68 446 629 656 102 614 933 22 682 560 576 1018 649
512 888 618 48 883 976 72 933 87 0 136 965 16 667 565 530 1054 105 29 408 586 631 127 603 880 92 651 556 555 971 644
413 791 493 101 781 866 199 829 156 136 0 857 121 532 441 408 953 217 155 290 474 503 246 469 781 138 527 420 424 864 508
454 132 396 950 98 27 1037 53 1012 965 857 0 955 495 438 462 114 1066 992 568 384 412 1092 511 120 995 362 577 490 9 529
503 879 605 34 874 966 83 923 83 16 121 955 0 653 553 518 1045 112 37 396 575 618 137 589 871 84 639 541 542 961 629
350 514 168 633 473 488 731 499 676 667 532 495 653 0 187 215 609 745 687 310 270 126 775 65 493 655 177 119 136 504 37
164 409 52 540 382 441 635 422 596 565 441 438 553 187 0 37 545 657 589 161 94 78 686 143 392 577 86 179 72 446 195
139 424 89 507 400 467 601 443 563 530 408 462 518 215 37 0 567 624 555 125 94 114 652 164 408 545 121 188 85 469 219
543 172 506 1043 172 125 1126 124 1106 1054 953 114 1045 609 545 567 0 1157 1082 666 483 524 1182 625 176 1090 473 690 601 106 644
614 991 709 117 985 1076 40 1035 72 105 217 1066 112 745 657 624 1157 0 76 503 685 720 30 683 983 94 744 630 641 1072 718
539 916 642 56 910 1003 46 960 68 29 155 992 37 687 589 555 1082 76 0 433 613 655 100 624 908 79 676 574 577 998 663
145 510 213 386 495 576 479 542 446 408 290 568 396 310 161 125 666 503 433 0 184 234 531 247 498 428 245 236 175 575 301
102 333 104 568 313 392 658 359 629 586 474 384 575 270 94 94 483 685 613 184 0 146 712 235 319 612 111 273 166 391 285
235 407 42 604 372 411 700 405 656 631 503 412 618 126 78 114 524 720 655 234 146 0 749 107 388 636 56 167 84 420 146
639 1015 738 146 1010 1102 56 1060 102 127 246 1092 137 775 686 652 1182 30 100 531 712 749 0 712 1007 124 772 660 670 1098 749
303 514 142 569 477 508 667 509 614 603 469 511 589 65 143 164 625 683 624 247 235 107 712 0 494 593 163 68 79 520 56
369 22 361 869 30 145 952 68 933 880 781 120 871 493 392 408 176 983 908 498 319 388 1007 494 0 918 333 554 456 120 524
549 928 628 60 918 1004 97 967 22 92 138 995 84 655 577 545 1090 94 79 428 612 636 124 593 918 0 663 538 555 1002 627
211 352 35 627 317 363 721 353 682 651 527 362 639 177 86 121 473 744 676 245 111 56 772 163 333 663 0 221 128 371 201
323 573 194 519 539 574 617 572 560 556 420 577 541 119 179 188 690 630 574 236 273 167 660 68 554 538 221 0 107 586 89
224 474 95 525 442 491 622 480 576 555 424 490 542 136 72 85 601 641 577 175 166 84 670 79 456 555 128 107 0 498 135
460 131 404 956 100 32 1043 52 1018 971 864 9 961 504 446 469 106 1072 998 575 391 420 1098 520 120 1002 371 586 498 0 538
357 544 186 608 504 523 706 532 649 644 508 529 629 37 195 219 644 718 663 301 285 146 749 56 524 627 201 89 135 538 0
