80 8
0 379 196 500 371 467 584 421 564 512 413 454 503 350 164 139 543 614 539 145 102 235 639 303 369 549 211 323 224 460 357 707 363 429 459 276 594 400 311 517 438 139 360 160 122 342 205 427 560 184 326 224 476 220 509 130 278 221 278 381 250 413 308 14 248 473 409 631 307 313 346 525 625 382 535 540 364 555 152 387 674
379 0 380 878 51 158 959 79 943 888 791 132 879 514 409 424 172 991 916 510 333 407 1015 514 22 928 352 573 474 131 544 1085 66 64 109 113 968 75 397 892 812 451 68 482 414 170 307 793 937 377 699 398 854 341 130 414 449 471 101 47 441 52 74 365 456 851 111 1009 462 84 33 903 1000 758 233 169 56 182 233 765 1053
196 380 0 592 348 398 687 385 647 618 493 396 605 168 52 89 506 709 642 213 104 42 738 142 361 628 35 194 95 404 186 786 333 405 416 269 639 362 118 625 555 120 330 144 95 259 75 562 653 11 381 30 567 50 499 87 91 93 291 359 69 391 331 189 79 550 354 690 117 296 353 622 729 445 593 547 395 521 184 494 745
500 878 592 0 871 960 98 920 67 48 101 950 34 633 540 507 1043 117 56 386 568 604 146 569 869 60 627 519 525 956 608 208 862 929 957 776 166 899 690 57 93 474 859 449 507 827 651 149 61 585 217 602 25 641 1008 512 610 524 778 881 588 913 806 514 570 58 905 160 631 812 846 32 138 157 1009 1036 860 1055 651 115 181
371 51 348 871 0 121 955 51 934 883 781 98 874 473 382 400 172 985 910 495 313 372 1010 477 30 918 317 539 442 100 504 1077 16 59 89 95 953 35 354 888 808 429 19 460 391 121 273 793 930 346 684 363 846 306 151 390 411 440 99 11 405 44 91 357 421 841 66 996 422 59 55 896 996 745 282 201 103 185 220 758 1042
467 158 398 960 121 0 1048 79 1021 976 866 27 966 488 441 467 125 1076 1003 576 392 411 1102 508 145 1004 363 574 491 32 523 1163 119 103 63 200 1029 87 367 982 904 499 121 528 462 139 325 894 1020 400 762 404 935 349 161 459 439 489 214 117 442 108 212 453 461 926 61 1076 443 166 175 987 1089 825 349 223 214 140 316 850 1126
584 959 687 98 955 1048 0 1005 78 72 199 1037 83 731 635 601 1126 40 46 479 658 700 56 667 952 97 721 617 622 1043 706 149 947 1012 1043 860 203 984 787 67 149 568 944 544 600 917 744 182 48 680 315 698 123 736 1089 605 708 621 860 965 685 997 887 598 667 153 992 164 728 897 927 66 42 255 1077 1113 938 1138 736 198 144
421 79 385 920 51 79 1005 0 983 933 829 53 923 499 422 443 124 1035 960 542 359 405 1060 509 68 967 353 572 480 52 532 1126 58 30 38 145 1000 22 378 938 859 473 61 503 435 138 310 844 980 385 731 397 895 340 119 434 441 478 150 43 438 29 139 407 456 889 46 1043 450 108 99 946 1046 792 283 177 134 138 269 808 1091
564 943 647 67 934 1021 78 983 0 87 156 1012 83 676 596 563 1106 72 68 446 629 656 102 614 933 22 682 560 576 1018 649 143 925 992 1020 839 127 961 740 91 156 531 922 504 564 887 708 208 34 641 268 655 89 697 1073 569 659 575 842 945 638 977 871 578 619 98 966 101 678 875 910 57 105 204 1076 1101 925 1118 714 181 114
512 888 618 48 883 976 72 933 87 0 136 965 16 667 565 530 1054 105 29 408 586 631 127 603 880 92 651 556 555 971 644 210 874 940 970 788 205 912 719 9 78 498 872 474 529 845 673 122 60 610 250 629 64 666 1017 535 641 554 788 893 618 924 815 526 600 105 919 188 662 824 855 31 113 194 1008 1042 866 1066 664 126 193
413 791 493 101 781 866 199 829 156 136 0 857 121 532 441 408 953 217 155 290 474 503 246 469 781 138 527 420 424 864 508 297 771 839 866 686 194 807 589 145 113 375 768 349 409 731 553 164 160 486 116 502 76 542 921 414 509 423 690 791 487 824 720 426 469 60 812 220 530 722 759 132 239 58 934 952 776 965 561 69 262
454 132 396 950 98 27 1037 53 1012 965 857 0 955 495 438 462 114 1066 992 568 384 412 1092 511 120 995 362 577 490 9 529 1154 98 76 38 183 1023 63 373 971 892 493 100 523 456 138 322 880 1010 397 755 405 925 349 140 453 443 489 194 93 444 82 189 440 462 917 46 1069 448 148 151 977 1078 818 324 202 188 130 302 840 1118
503 879 605 34 874 966 83 923 83 16 121 955 0 653 553 518 1045 112 37 396 575 618 137 589 871 84 639 541 542 961 629 214 865 931 961 779 196 902 705 25 75 486 862 462 517 834 661 124 62 598 236 616 49 653 1009 523 627 540 779 884 604 915 806 516 586 89 909 183 649 815 847 27 124 179 1003 1034 859 1057 654 115 193
350 514 168 633 473 488 731 499 676 667 532 495 653 0 187 215 609 745 687 310 270 126 775 65 493 655 177 119 136 504 37 802 457 524 523 412 635 478 122 676 619 229 454 231 230 362 219 641 689 177 417 139 608 182 618 221 77 140 438 483 102 513 478 346 103 581 459 695 54 431 492 665 770 476 740 673 539 624 348 554 757
164 409 52 540 382 441 635 422 596 565 441 438 553 187 0 37 545 657 589 161 94 78 686 143 392 577 86 179 72 446 195 735 368 440 456 297 590 400 165 572 503 67 365 92 47 303 117 510 601 45 330 70 515 101 532 38 115 69 315 393 87 426 354 160 84 498 394 640 145 327 380 570 676 394 613 578 418 559 194 441 695
139 424 89 507 400 467 601 443 563 530 408 462 518 215 37 0 567 624 555 125 94 114 652 164 408 545 121 188 85 469 219 703 387 459 477 311 562 420 202 538 467 33 384 62 17 329 145 473 567 80 298 107 481 135 550 11 148 82 326 411 119 444 364 138 112 466 417 611 177 344 394 536 642 362 619 592 428 581 199 406 664
543 172 506 1043 172 125 1126 124 1106 1054 953 114 1045 609 545 567 0 1157 1082 666 483 524 1182 625 176 1090 473 690 601 106 644 1249 182 114 90 267 1124 147 488 1059 979 597 185 627 559 251 432 963 1102 507 855 517 1018 460 73 558 557 599 267 162 556 130 246 529 574 1013 153 1167 563 231 203 1068 1167 916 267 122 212 15 392 930 1214
614 991 709 117 985 1076 40 1035 72 105 217 1066 112 745 657 624 1157 0 76 503 685 720 30 683 983 94 744 630 641 1072 718 109 976 1043 1072 890 183 1013 806 102 183 591 974 566 624 943 768 221 57 703 332 719 143 758 1120 629 726 640 891 995 704 1027 918 628 685 164 1020 135 745 926 958 89 36 270 1113 1146 970 1169 765 226 107
539 916 642 56 910 1003 46 960 68 29 155 992 37 687 589 555 1082 76 0 433 613 655 100 624 908 79 676 574 577 998 663 182 902 968 998 815 193 939 741 27 107 523 899 498 554 871 698 149 36 634 271 653 79 690 1045 560 663 576 816 921 640 952 843 553 622 114 946 168 684 852 883 25 87 212 1037 1070 895 1094 691 153 167
145 510 213 386 495 576 479 542 446 408 290 568 396 310 161 125 666 503 433 0 184 234 531 247 498 428 245 236 175 575 301 587 484 554 578 401 459 520 324 414 342 94 481 79 122 441 265 349 447 205 189 229 361 259 640 128 258 172 409 506 230 539 443 155 216 350 522 501 285 436 478 415 520 250 679 676 503 679 277 282 550
102 333 104 568 313 392 658 359 629 586 474 384 575 270 94 94 483 685 613 184 0 146 712 235 319 612 111 273 166 391 285 771 302 373 395 222 641 337 212 593 517 118 299 149 82 259 102 513 629 94 372 134 543 118 461 84 194 163 234 324 169 357 271 92 173 533 338 685 221 255 302 596 700 434 525 501 334 497 105 460 734
235 407 42 604 372 411 700 405 656 631 503 412 618 126 78 114 524 720 655 234 146 0 749 107 388 636 56 167 84 420 146 792 357 427 435 299 639 384 89 639 572 141 354 158 125 274 101 583 663 52 388 13 578 66 522 116 49 83 323 383 33 414 363 229 50 558 371 693 75 323 382 634 741 452 626 573 426 539 223 509 750
639 1015 738 146 1010 1102 56 1060 102 127 246 1092 137 775 686 652 1182 30 100 531 712 749 0 712 1007 124 772 660 670 1098 749 102 1002 1067 1098 915 207 1039 835 123 205 619 999 594 652 970 796 237 86 731 362 748 171 787 1144 657 755 670 916 1020 733 1052 942 653 715 194 1046 154 775 952 983 116 23 300 1133 1169 994 1193 791 252 113
303 514 142 569 477 508 667 509 614 603 469 511 589 65 143 164 625 683 624 247 235 107 712 0 494 593 163 68 79 520 56 743 462 532 537 407 578 487 148 612 554 172 459 170 180 375 208 575 627 148 353 118 545 173 626 172 69 83 430 488 74 519 470 301 63 518 472 637 71 430 489 601 707 413 733 678 533 640 325 489 698
369 22 361 869 30 145 952 68 933 880 781 120 871 493 392 408 176 983 908 498 319 388 1007 494 0 918 333 554 456 120 524 1076 44 62 103 97 957 59 376 885 804 436 46 467 399 148 288 788 929 359 687 378 845 322 142 398 428 453 92 28 421 47 73 356 437 841 93 998 441 65 31 894 992 747 255 186 74 187 221 756 1043
549 928 628 60 918 1004 97 967 22 92 138 995 84 655 577 545 1090 94 79 428 612 636 124 593 918 0 663 538 555 1002 627 159 909 977 1004 823 115 945 720 98 153 512 906 485 546 869 690 207 50 622 248 635 77 678 1058 551 639 555 827 929 618 961 856 562 599 79 949 100 657 859 895 61 126 184 1064 1087 911 1103 698 170 126
211 352 35 627 317 363 721 353 682 651 527 362 639 177 86 121 473 744 676 245 111 56 772 163 333 663 0 221 128 371 201 821 303 374 384 244 674 331 101 658 588 153 300 178 125 225 45 593 687 41 416 46 601 15 468 118 102 126 267 328 89 361 307 202 104 584 320 725 124 268 326 656 763 480 570 518 370 488 171 527 780
323 573 194 519 539 574 617 572 560 556 420 577 541 119 179 188 690 630 574 236 273 167 660 68 554 538 221 0 107 586 89 684 524 594 602 464 516 551 216 565 512 184 521 171 204 440 266 539 574 198 306 176 495 233 689 198 135 110 485 550 134 581 525 324 117 465 537 576 139 489 547 551 656 363 787 739 589 705 372 447 639
224 474 95 525 442 491 622 480 576 555 424 490 542 136 72 85 601 641 577 175 166 84 670 79 456 555 128 107 0 498 135 710 428 500 511 362 555 457 165 563 500 93 425 96 102 353 170 515 584 96 309 87 500 142 593 95 87 4 382 453 63 486 422 223 45 478 448 610 111 390 446 556 663 372 682 641 486 615 265 436 668
460 131 404 956 100 32 1043 52 1018 971 864 9 961 504 446 469 106 1072 998 575 391 420 1098 520 120 1002 371 586 498 0 538 1161 102 72 31 188 1030 65 382 977 898 500 104 531 463 146 330 886 1017 405 762 413 932 357 132 461 452 497 197 94 452 79 190 446 470 924 52 1076 457 152 151 983 1084 825 317 194 186 121 308 846 1125
357 544 186 608 504 523 706 532 649 644 508 529 629 37 195 219 644 718 663 301 285 146 749 56 524 627 201 89 135 538 0 773 489 557 557 441 604 511 156 652 598 228 486 225 235 395 244 622 663 194 393 159 583 208 651 227 98 138 466 515 117 545 506 355 112 554 493 664 82 461 521 640 745 451 768 705 568 659 369 533 727
707 1085 786 208 1077 1163 149 1126 143 210 297 1154 214 802 735 703 1249 109 182 587 771 792 102 743 1076 159 821 684 710 1161 773 0 1067 1135 1163 982 180 1104 874 209 288 670 1065 643 705 1028 848 329 152 780 405 792 231 836 1216 709 792 710 985 1087 772 1120 1014 721 753 238 1109 115 809 1018 1053 187 125 341 1216 1243 1068 1261 857 323 48
363 66 333 862 16 119 947 58 925 874 771 98 865 457 368 387 182 976 902 484 302 357 1002 462 44 909 303 524 428 102 489 1067 0 72 96 87 942 38 338 880 800 417 3 447 379 105 259 787 921 332 673 348 837 291 165 378 395 426 96 26 390 58 95 349 406 831 60 986 406 51 64 888 988 734 298 217 115 195 211 750 1032
429 64 405 929 59 103 1012 30 992 940 839 76 931 524 440 459 114 1043 968 554 373 427 1067 532 62 977 374 594 500 72 557 1135 72 0 46 153 1013 46 404 945 865 488 75 519 450 164 330 849 988 404 743 419 904 361 95 450 464 498 153 48 460 16 134 415 477 899 75 1055 474 118 92 954 1053 804 253 150 116 126 279 816 1101
459 109 416 957 89 63 1043 38 1020 970 866 38 961 523 456 477 90 1072 998 578 395 435 1098 537 103 1004 384 602 511 31 557 1163 96 46 0 183 1036 59 402 976 896 508 99 538 470 163 342 882 1017 417 767 427 933 370 103 468 469 509 188 81 468 57 175 445 485 926 65 1080 476 146 134 983 1084 829 286 164 162 104 307 846 1128
276 113 269 776 95 200 860 145 839 788 686 183 779 412 297 311 267 890 815 401 222 299 915 407 97 823 244 464 362 188 441 982 87 153 183 0 860 125 301 793 713 339 85 370 301 119 198 699 835 266 590 289 751 234 240 301 343 360 31 105 333 138 67 262 347 746 140 902 359 37 83 801 901 651 328 281 127 279 125 663 948
594 968 639 166 953 1029 203 1000 127 205 194 1023 196 635 590 562 1124 183 193 459 641 639 207 578 957 115 674 516 555 1030 604 180 942 1013 1036 860 0 977 717 212 255 530 939 501 567 891 707 313 161 634 270 641 172 689 1098 570 633 556 867 964 616 997 900 606 596 143 978 65 647 895 936 175 219 211 1123 1133 958 1137 736 251 132
400 75 362 899 35 87 984 22 961 912 807 63 902 478 400 420 147 1013 939 520 337 384 1039 487 59 945 331 551 457 65 511 1104 38 46 59 125 977 0 358 917 838 450 40 481 413 118 288 824 958 362 709 375 874 318 140 411 420 456 132 31 416 38 126 386 434 867 36 1021 429 88 89 925 1025 770 294 196 131 160 248 787 1069
311 397 118 690 354 367 787 378 740 719 589 373 705 122 165 202 488 806 741 324 212 89 835 148 376 720 101 216 165 382 156 874 338 404 402 301 717 358 0 727 661 230 335 247 211 240 126 672 749 129 473 95 664 96 497 203 84 165 329 364 102 393 367 302 121 643 338 772 78 316 377 721 828 537 626 553 427 503 260 598 831
517 892 625 57 888 982 67 938 91 9 145 971 25 676 572 538 1059 102 27 414 593 639 123 612 885 98 658 565 563 977 652 209 880 945 976 793 212 917 727 0 82 505 877 482 536 851 680 122 62 617 259 637 74 673 1022 542 649 562 793 898 625 930 819 531 608 114 925 192 671 830 860 37 108 203 1011 1046 870 1071 669 132 194
438 812 555 93 808 904 149 859 156 78 113 892 75 619 503 467 979 183 107 342 517 572 205 554 804 153 588 512 500 898 598 288 800 865 896 713 255 838 661 82 0 435 798 414 464 774 606 59 136 547 208 569 84 602 941 470 586 498 713 818 561 850 739 452 544 120 847 253 609 750 779 102 188 166 930 964 789 991 590 65 268
139 451 120 474 429 499 568 473 531 498 375 493 486 229 67 33 597 591 523 94 118 141 619 172 436 512 153 184 93 500 228 670 417 488 508 339 530 450 230 505 435 0 414 31 38 361 178 443 534 112 266 136 449 168 578 40 169 90 353 440 140 473 390 141 129 433 448 578 197 372 421 504 610 330 641 620 453 611 223 374 631
360 68 330 859 19 121 944 61 922 872 768 100 862 454 365 384 185 974 899 481 299 354 999 459 46 906 300 521 425 104 486 1065 3 75 99 85 939 40 335 877 798 414 0 444 376 102 256 784 919 329 670 345 834 288 169 375 392 423 94 29 387 61 94 346 403 828 61 983 403 48 65 885 985 732 300 220 117 198 208 747 1030
160 482 144 449 460 528 544 503 504 474 349 523 462 231 92 62 627 566 498 79 149 158 594 170 467 485 178 171 96 531 225 643 447 519 538 370 501 481 247 482 414 31 444 0 69 390 206 425 509 137 238 155 423 193 609 70 179 93 383 471 151 504 420 164 137 406 478 550 205 403 451 479 585 302 671 650 483 641 253 351 603
122 414 95 507 391 462 600 435 564 529 409 456 517 230 47 17 559 624 554 122 82 125 652 180 399 546 125 204 102 463 235 705 379 450 470 301 567 413 211 536 464 38 376 69 0 325 144 468 567 85 301 117 481 138 541 9 161 99 315 402 132 436 353 121 127 467 411 614 191 334 383 536 641 365 606 582 416 573 187 404 666
342 170 259 827 121 139 917 138 887 845 731 138 834 362 303 329 251 943 871 441 259 274 970 375 148 869 225 440 353 146 395 1028 105 164 163 119 891 118 240 851 774 361 102 390 325 0 186 768 887 261 626 267 802 211 257 321 306 351 147 129 306 154 172 329 324 790 98 939 313 107 160 855 958 689 403 314 214 266 198 719 990
205 307 75 651 273 325 744 310 708 673 553 322 661 219 117 145 432 768 698 265 102 101 796 208 288 690 45 266 170 330 244 848 259 330 342 198 707 288 126 680 606 178 256 206 144 186 0 608 711 75 444 91 625 37 424 139 146 168 222 284 134 317 262 194 149 611 279 756 165 223 281 680 785 508 525 473 325 446 134 547 809
427 793 562 149 793 894 182 844 208 122 164 880 124 641 510 473 963 221 149 349 513 583 237 575 788 207 593 539 515 886 622 329 787 849 882 699 313 824 672 122 59 443 784 425 468 768 608 0 183 553 243 578 142 607 921 475 601 513 696 803 575 833 720 441 559 179 835 307 626 736 761 151 217 212 899 941 767 974 578 102 315
560 937 653 61 930 1020 48 980 34 60 160 1010 62 689 601 567 1102 57 36 447 629 663 86 627 929 50 687 574 584 1017 663 152 921 988 1017 835 161 958 749 62 136 534 919 509 567 887 711 183 0 646 276 662 86 702 1067 572 669 584 837 941 647 973 865 573 629 109 965 132 689 872 905 35 82 214 1064 1093 918 1114 710 173 132
184 377 11 585 346 400 680 385 641 610 486 397 598 177 45 80 507 703 634 205 94 52 731 148 359 622 41 198 96 405 194 780 332 404 417 266 634 362 129 617 547 112 329 137 85 261 75 553 646 0 375 40 560 56 497 78 100 94 287 357 77 390 327 178 86 543 354 685 128 294 350 615 722 439 589 545 391 521 177 486 739
326 699 381 217 684 762 315 731 268 250 116 755 236 417 330 298 855 332 271 189 372 388 362 353 687 248 416 306 309 762 393 405 673 743 767 590 270 709 473 259 208 266 670 238 301 626 444 243 276 375 0 388 192 430 829 305 393 308 598 695 371 728 630 338 353 170 710 313 414 625 667 249 355 64 859 863 689 868 466 145 365
224 398 30 602 363 404 698 397 655 629 502 405 616 139 70 107 517 719 653 229 134 13 748 118 378 635 46 176 87 413 159 792 348 419 427 289 641 375 95 637 569 136 345 155 117 267 91 578 662 40 388 0 577 57 513 108 62 86 312 374 44 406 352 217 59 557 364 694 88 314 371 633 739 452 615 563 415 532 211 506 750
476 854 567 25 846 935 123 895 89 64 76 925 49 608 515 481 1018 143 79 361 543 578 171 545 845 77 601 495 500 932 583 231 837 904 933 751 172 874 664 74 84 449 834 423 481 802 625 142 86 560 192 577 0 616 984 486 585 499 754 857 563 889 782 489 544 43 880 175 606 788 822 57 163 132 987 1012 836 1030 626 93 202
220 341 50 641 306 349 736 340 697 666 542 349 653 182 101 135 460 758 690 259 118 66 787 173 322 678 15 233 142 357 208 836 291 361 370 234 689 318 96 673 602 168 288 193 138 211 37 607 702 56 430 57 616 0 456 132 109 140 258 317 100 348 298 210 116 599 307 740 129 257 316 671 777 495 561 506 361 475 169 541 795
509 130 499 1008 151 161 1089 119 1073 1017 921 140 1009 618 532 550 73 1120 1045 640 461 522 1144 626 142 1058 468 689 593 132 651 1216 165 95 103 240 1098 140 497 1022 941 578 169 609 541 257 424 921 1067 497 829 513 984 456 0 540 559 591 231 140 555 108 202 496 572 982 162 1139 569 206 163 1033 1129 889 198 62 156 72 363 895 1183
130 414 87 512 390 459 605 434 569 535 414 453 523 221 38 11 558 629 560 128 84 116 657 172 398 551 118 198 95 461 227 709 378 450 468 301 570 411 203 542 470 40 375 70 9 321 139 475 572 78 305 108 486 132 540 0 153 91 316 401 124 435 354 129 118 472 409 618 182 334 384 541 647 369 608 582 417 572 189 410 670
278 449 91 610 411 439 708 441 659 641 509 443 627 77 115 148 557 726 663 258 194 49 755 69 428 639 102 135 87 452 98 792 395 464 469 343 633 420 84 649 586 169 392 179 161 306 146 601 669 100 393 62 585 109 559 153 0 88 368 421 29 452 408 273 42 562 404 689 29 365 424 642 749 456 671 612 470 572 272 522 749
221 471 93 524 440 489 621 478 575 554 423 489 540 140 69 82 599 640 576 172 163 83 670 83 453 555 126 110 4 497 138 710 426 498 509 360 556 456 165 562 498 90 423 93 99 351 168 513 584 94 308 86 499 140 591 91 88 0 379 451 64 484 419 220 46 477 446 610 113 388 443 555 662 371 680 639 483 614 262 434 667
278 101 291 778 99 214 860 150 842 788 690 194 779 438 315 326 267 891 816 409 234 323 916 430 92 827 267 485 382 197 466 985 96 153 188 31 867 132 329 793 713 353 94 383 315 147 222 696 837 287 598 312 754 258 231 316 368 379 0 107 356 137 40 264 369 750 154 907 385 49 69 803 901 657 303 268 104 278 132 665 952
381 47 359 881 11 117 965 43 945 893 791 93 884 483 393 411 162 995 921 506 324 383 1020 488 28 929 328 550 453 94 515 1087 26 48 81 105 964 31 364 898 818 440 29 471 402 129 284 803 941 357 695 374 857 317 140 401 421 451 107 0 416 33 96 367 432 851 65 1007 433 69 58 907 1006 756 274 190 101 174 231 769 1053
250 441 69 588 405 442 685 438 638 618 487 444 604 102 87 119 556 704 640 230 169 33 733 74 421 618 89 134 63 452 117 772 390 460 468 333 616 416 102 625 561 140 387 151 132 306 134 575 647 77 371 44 563 100 555 124 29 64 356 416 0 448 396 246 20 541 403 671 58 357 415 619 726 435 659 606 459 571 253 497 730
413 52 391 913 44 108 997 29 977 924 824 82 915 513 426 444 130 1027 952 539 357 414 1052 519 47 961 361 581 486 79 545 1120 58 16 57 138 997 38 393 930 850 473 61 504 436 154 317 833 973 390 728 406 889 348 108 435 452 484 137 33 448 0 120 399 464 884 72 1039 463 102 77 938 1037 789 256 160 106 142 263 800 1085
308 74 331 806 91 212 887 139 871 815 720 189 806 478 354 364 246 918 843 443 271 363 942 470 73 856 307 525 422 190 506 1014 95 134 175 67 900 126 367 819 739 390 94 420 353 172 262 720 865 327 630 352 782 298 202 354 408 419 40 96 396 120 0 295 409 780 155 938 425 65 43 830 927 689 263 233 64 256 167 692 981
14 365 189 514 357 453 598 407 578 526 426 440 516 346 160 138 529 628 553 155 92 229 653 301 356 562 202 324 223 446 355 721 349 415 445 262 606 386 302 531 452 141 346 164 121 329 194 441 573 178 338 217 489 210 496 129 273 220 264 367 246 399 295 0 244 486 395 644 302 299 333 539 639 395 524 527 352 541 138 401 687
248 456 79 570 421 461 667 456 619 600 469 462 586 103 84 112 574 685 622 216 173 50 715 63 437 599 104 117 45 470 112 753 406 477 485 347 596 434 121 608 544 129 403 137 127 324 149 559 629 86 353 59 544 116 572 118 42 46 369 432 20 464 409 244 0 522 421 652 68 372 430 601 708 416 672 622 473 589 262 480 710
473 851 550 58 841 926 153 889 98 105 60 917 89 581 498 466 1013 164 114 350 533 558 194 518 841 79 584 465 478 924 554 238 831 899 926 746 143 867 643 114 120 433 828 406 467 790 611 179 109 543 170 557 43 599 982 472 562 477 750 851 541 884 780 486 522 0 871 161 581 782 819 89 191 106 993 1012 836 1025 621 108 202
409 111 354 905 66 61 992 46 966 919 812 46 909 459 394 417 153 1020 946 522 338 371 1046 472 93 949 320 537 448 52 493 1109 60 75 65 140 978 36 338 925 847 448 61 478 411 98 279 835 965 354 710 364 880 307 162 409 404 446 154 65 403 72 155 395 421 871 0 1023 411 106 121 931 1033 772 328 222 167 168 257 794 1072
631 1009 690 160 996 1076 164 1043 101 188 220 1069 183 695 640 611 1167 135 168 501 685 693 154 637 998 100 725 576 610 1076 664 115 986 1055 1080 902 65 1021 772 192 253 578 983 550 614 939 756 307 132 685 313 694 175 740 1139 618 689 610 907 1007 671 1039 938 644 652 161 1023 0 704 937 976 158 170 251 1154 1171 995 1180 777 265 67
307 462 117 631 422 443 728 450 678 662 530 448 649 54 145 177 563 745 684 285 221 75 775 71 441 657 124 139 111 457 82 809 406 474 476 359 647 429 78 671 609 197 403 205 191 313 165 626 689 128 414 88 606 129 569 182 29 113 385 433 58 463 425 302 68 581 411 704 0 379 439 662 769 475 687 623 486 578 295 545 765
313 84 296 812 59 166 897 108 875 824 722 148 815 431 327 344 231 926 852 436 255 323 952 430 65 859 268 489 390 152 461 1018 51 118 146 37 895 88 316 830 750 372 48 403 334 107 223 736 872 294 625 314 788 257 206 334 365 388 49 69 357 102 65 299 372 782 106 937 379 0 61 838 937 686 311 251 113 243 161 700 984
346 33 353 846 55 175 927 99 910 855 759 151 847 492 380 394 203 958 883 478 302 382 983 489 31 895 326 547 446 151 521 1053 64 92 134 83 936 89 377 860 779 421 65 451 383 160 281 761 905 350 667 371 822 316 163 384 424 443 69 58 415 77 43 333 430 819 121 976 439 61 0 870 967 726 250 199 54 213 201 732 1020
525 903 622 32 896 987 66 946 57 31 132 977 27 665 570 536 1068 89 25 415 596 634 116 601 894 61 656 551 556 983 640 187 888 954 983 801 175 925 721 37 102 504 885 479 536 855 680 151 35 615 249 633 57 671 1033 541 642 555 803 907 619 938 830 539 601 89 931 158 662 838 870 0 107 189 1028 1059 883 1080 677 138 166
625 1000 729 138 996 1089 42 1046 105 113 239 1078 124 770 676 642 1167 36 87 520 700 741 23 707 992 126 763 656 663 1084 745 125 988 1053 1084 901 219 1025 828 108 188 610 985 585 641 958 785 217 82 722 355 739 163 777 1129 647 749 662 901 1006 726 1037 927 639 708 191 1033 170 769 937 967 107 0 294 1115 1153 977 1179 777 239 134
382 758 445 157 745 825 255 792 204 194 58 818 179 476 394 362 916 270 212 250 434 452 300 413 747 184 480 363 372 825 451 341 734 804 829 651 211 770 537 203 166 330 732 302 365 689 508 212 214 439 64 452 132 495 889 369 456 371 657 756 435 789 689 395 416 106 772 251 475 686 726 189 294 0 912 922 747 929 526 109 301
535 233 593 1009 282 349 1077 283 1076 1008 934 324 1003 740 613 619 267 1113 1037 679 525 626 1133 733 255 1064 570 787 682 317 768 1216 298 253 286 328 1123 294 626 1011 930 641 300 671 606 403 525 899 1064 589 859 615 987 561 198 608 671 680 303 274 659 256 263 524 672 993 328 1154 687 311 250 1028 1115 912 0 147 201 261 420 894 1189
540 169 547 1036 201 223 1113 177 1101 1042 952 202 1034 673 578 592 122 1146 1070 676 501 573 1169 678 186 1087 518 739 641 194 705 1243 217 150 164 281 1133 196 553 1046 964 620 220 650 582 314 473 941 1093 545 863 563 1012 506 62 582 612 639 268 190 606 160 233 527 622 1012 222 1171 623 251 199 1059 1153 922 147 0 176 115 399 921 1212
364 56 395 860 103 214 938 134 925 866 776 188 859 539 418 428 212 970 895 503 334 426 994 533 74 911 370 589 486 186 568 1068 115 116 162 127 958 131 427 870 789 453 117 483 416 214 325 767 918 391 689 415 836 361 156 417 470 483 104 101 459 106 64 352 473 836 167 995 486 113 54 883 977 747 201 176 0 219 230 745 1036
555 182 521 1055 185 140 1138 138 1118 1066 965 130 1057 624 559 581 15 1169 1094 679 497 539 1193 640 187 1103 488 705 615 121 659 1261 195 126 104 279 1137 160 503 1071 991 611 198 641 573 266 446 974 1114 521 868 532 1030 475 72 572 572 614 278 174 571 142 256 541 589 1025 168 1180 578 243 213 1080 1179 929 261 115 219 0 405 942 1227
152 233 184 651 220 316 736 269 714 664 561 302 654 348 194 199 392 765 691 277 105 223 791 325 221 698 171 372 265 308 369 857 211 279 307 125 736 248 260 669 590 223 208 253 187 198 134 578 710 177 466 211 626 169 363 189 272 262 132 231 253 263 167 138 262 621 257 777 295 161 201 677 777 526 420 399 230 405 0 539 822
387 765 494 115 758 850 198 808 181 126 69 840 115 554 441 406 930 226 153 282 460 509 252 489 756 170 527 447 436 846 533 323 750 816 846 663 251 787 598 132 65 374 747 351 404 719 547 102 173 486 145 506 93 541 895 410 522 434 665 769 497 800 692 401 480 108 794 265 545 700 732 138 239 109 894 921 745 942 539 0 295
674 1053 745 181 1042 1126 144 1091 114 193 262 1118 193 757 695 664 1214 107 167 550 734 750 113 698 1043 126 780 639 668 1125 727 48 1032 1101 1128 948 132 1069 831 194 268 631 1030 603 666 990 809 315 132 739 365 750 202 795 1183 670 749 667 952 1053 730 1085 981 687 710 202 1072 67 765 984 1020 166 134 301 1189 1212 1036 1227 822 295 0
