30 4
0 416 541 332 450 470 322 417 424 473 620 381 117 479 377 273 92 278 239 510 566 468 225 264 441 556 426 421 422 396 259
416 0 901 397 427 100 645 514 748 237 624 448 520 778 766 604 329 551 177 795 927 178 324 350 506 742 310 624 610 319 160
541 901 0 570 650 980 667 910 168 833 664 557 512 185 180 641 627 361 748 814 26 998 763 574 555 955 729 376 399 935 769
332 397 570 0 120 495 653 703 403 265 295 59 435 412 489 605 330 216 324 842 594 551 470 75 126 878 159 233 216 595 338
450 427 650 120 0 527 771 801 482 232 204 96 555 476 592 723 437 317 401 959 673 597 566 186 104 987 122 281 259 673 410
470 100 980 495 527 0 657 481 832 330 724 548 564 866 836 620 380 637 235 789 1006 92 330 444 606 714 410 719 706 273 215
322 645 667 653 771 657 0 298 622 771 937 700 225 690 490 48 355 555 482 190 686 610 327 586 757 289 741 703 710 442 494
417 514 910 703 801 481 298 0 825 713 997 761 400 886 731 295 378 695 414 343 933 405 236 628 826 233 728 836 836 211 412
424 748 168 403 482 832 622 825 0 667 512 390 428 69 172 587 501 199 605 792 192 858 648 412 390 908 561 215 237 818 626
473 237 833 265 232 330 771 713 667 0 407 293 590 677 737 724 417 475 305 945 858 414 489 266 331 928 114 492 472 540 302
620 624 664 295 204 724 937 997 512 407 0 240 713 479 661 890 625 413 603 1126 682 798 763 370 180 1172 314 301 281 876 613
381 448 557 59 96 548 700 761 390 293 240 0 479 389 495 653 386 221 383 889 581 607 528 133 66 932 181 199 179 654 396
117 520 512 435 555 564 225 400 428 590 713 479 0 492 335 180 191 332 343 414 536 548 270 373 534 492 540 480 487 438 360
479 778 185 412 476 866 690 886 69 677 479 389 492 0 237 654 550 229 645 861 204 898 702 433 378 975 567 197 219 869 665
377 766 180 489 592 836 490 731 172 737 661 495 335 237 0 462 467 275 601 644 202 844 593 472 515 778 645 361 380 766 622
273 604 641 605 723 620 48 295 587 724 890 653 180 654 462 0 308 511 438 237 662 578 290 537 710 321 693 659 666 418 450
92 329 627 330 437 380 355 378 501 417 625 386 191 550 467 308 0 334 152 534 653 377 156 255 450 550 389 466 463 318 170
278 551 361 216 317 637 555 695 199 475 413 221 332 229 275 511 334 0 417 741 386 669 490 214 248 821 374 149 156 651 436
239 177 748 324 401 235 482 414 605 305 603 383 343 645 601 438 152 417 0 646 774 253 185 255 449 624 315 520 511 273 21
510 795 814 842 959 789 190 343 792 945 1126 889 414 861 644 237 534 741 646 0 830 727 472 773 947 187 923 889 897 539 655
566 927 26 594 673 1006 686 933 192 858 682 581 536 204 202 662 653 386 774 830 0 1024 788 600 578 974 753 398 420 960 795
468 178 998 551 597 92 610 405 858 414 798 607 548 898 844 578 377 669 253 727 1024 0 291 492 668 637 485 765 754 194 233
225 324 763 470 566 330 327 236 648 489 763 528 270 702 593 290 156 490 185 472 788 291 0 395 594 439 494 621 618 173 188
264 350 574 75 186 444 586 628 412 266 370 133 373 433 472 537 255 214 255 773 600 492 395 0 200 804 180 275 262 523 270
441 506 555 126 104 606 757 826 390 331 180 66 534 378 515 710 450 248 449 947 578 668 594 200 0 994 218 181 159 720 462
556 742 955 878 987 714 289 233 908 928 1172 932 492 975 778 321 550 821 624 187 974 637 439 804 994 0 929 969 973 444 626
426 310 729 159 122 410 741 728 561 114 314 181 540 567 645 693 389 374 315 923 753 485 494 180 218 929 0 379 359 579 320
421 624 376 233 281 719 703 836 215 492 301 199 480 197 361 659 466 149 520 889 398 765 621 275 181 969 379 0 23 774 537
422 610 399 216 259 706 710 836 237 472 281 179 487 219 380 666 463 156 511 897 420 754 618 262 159 973 359 23 0 768 528
396 319 935 595 673 273 442 211 818 540 876 654 438 869 766 418 318 651 273 539 960 194 173 523 720 444 579 774 768 0 262
259 160 769 338 410 215 494 412 626 302 613 396 360 665 622 450 170 436 21 655 795 233 188 270 462 626 320 537 528 262 0
