120 10
0 416 541 332 450 470 322 417 424 473 620 381 117 479 377 273 92 278 239 510 566 468 225 264 441 556 426 421 422 396 259 561 249 376 666 435 210 377 427 404 317 483 487 395 466 457 554 243 154 376 355 317 293 508 257 444 358 250 416 115 500 256 285 262 462 532 432 569 199 488 520 472 461 334 171 416 464 355 425 361 90 351 116 430 159 453 22 490 591 519 366 368 129 448 156 46 551 387 675 308 431 409 351 327 415 207 341 688 463 330 495 424 434 554 240 392 124 454 304 339 561
416 0 901 397 427 100 645 514 748 237 624 448 520 778 766 604 329 551 177 795 927 178 324 350 506 742 310 624 610 319 160 186 368 106 898 269 206 564 792 343 103 80 829 797 360 253 233 315 569 327 555 308 162 847 551 772 61 641 407 328 915 590 138 223 704 151 840 944 444 383 931 560 667 348 397 829 613 188 384 763 444 755 329 551 355 431 413 865 978 544 50 603 543 652 562 461 965 772 328 625 793 503 196 558 306 485 605 1080 787 175 524 143 831 950 192 578 527 453 719 656 755
541 901 0 570 650 980 667 910 168 833 664 557 512 185 180 641 627 361 748 814 26 998 763 574 555 955 729 376 399 935 769 1074 778 821 988 769 709 832 626 941 798 979 85 210 730 997 1083 598 452 914 405 641 820 721 681 144 855 521 633 582 314 632 764 800 838 1041 225 65 459 735 260 957 872 618 692 407 917 757 664 227 587 244 657 909 546 649 557 69 124 609 858 789 433 367 394 504 330 555 1201 671 110 906 888 769 721 417 325 218 727 863 1001 950 524 156 764 843 512 629 358 250 952
332 397 570 0 120 495 653 703 403 265 295 59 435 412 489 605 330 216 324 842 594 551 470 75 126 878 159 233 216 595 338 583 515 295 996 200 288 691 744 613 315 475 487 543 170 594 624 113 440 586 173 90 406 833 588 427 377 562 89 236 697 588 290 428 791 548 593 626 165 183 688 759 784 53 469 667 772 215 108 513 420 514 369 726 175 123 350 556 673 193 371 693 390 260 376 352 744 692 725 641 477 693 488 649 152 196 245 777 792 455 761 504 724 664 363 707 442 122 540 324 884
450 427 650 120 0 527 771 801 482 232 204 96 555 476 592 723 437 317 401 959 673 597 566 186 104 987 122 281 259 673 410 606 614 321 1110 171 372 798 865 693 367 498 565 649 91 654 660 215 560 667 245 153 476 953 702 505 423 683 33 347 806 706 352 510 904 572 699 710 284 88 793 857 894 120 577 783 876 241 43 620 536 623 474 827 290 4 466 645 761 117 415 804 511 300 495 471 852 813 749 758 567 791 556 759 123 311 329 864 911 524 852 553 844 759 443 814 562 29 656 415 994
470 100 980 495 527 0 657 481 832 330 724 548 564 866 836 620 380 637 235 789 1006 92 330 444 606 714 410 719 706 273 215 94 366 206 874 368 272 547 811 295 187 47 911 862 459 181 133 407 618 287 649 406 182 856 562 856 126 675 508 400 969 608 220 234 691 62 902 1020 529 481 990 521 647 447 415 874 583 288 484 828 482 819 369 520 436 531 464 940 1050 644 127 595 600 748 623 516 1019 799 231 637 871 470 170 553 406 568 694 1151 792 166 474 82 863 1018 231 560 570 553 772 740 728
322 645 667 653 771 657 0 298 622 771 937 700 225 690 490 48 355 555 482 190 686 610 327 586 757 289 741 703 710 442 494 726 293 647 356 743 475 195 159 432 571 688 651 460 784 551 683 563 252 418 648 636 485 203 95 634 585 146 738 430 457 65 548 426 173 708 465 663 507 808 508 326 206 655 248 322 264 651 746 440 238 423 334 278 481 774 305 599 656 836 597 134 299 725 336 304 495 176 795 20 578 299 491 139 730 502 607 723 146 491 390 583 247 599 456 198 219 776 311 566 287
417 514 910 703 801 481 298 0 825 713 997 761 400 886 731 295 378 695 414 343 933 405 236 628 826 233 728 836 836 211 412 521 188 564 395 711 433 106 447 191 484 523 875 719 780 322 456 591 458 194 768 649 364 446 238 843 465 412 770 472 746 296 479 310 233 515 736 920 608 806 792 56 178 682 247 615 103 606 765 692 339 676 337 39 539 805 396 848 923 896 479 172 484 864 526 434 788 474 549 282 808 11 320 160 719 623 758 1001 380 339 94 399 545 871 372 109 399 816 576 748 247
424 748 168 403 482 832 622 825 0 667 512 390 428 69 172 587 501 199 605 792 192 858 648 412 390 908 561 215 237 818 626 926 672 663 969 603 565 761 622 827 647 827 85 236 562 867 942 439 378 799 238 477 683 722 613 25 706 479 466 441 391 575 613 670 795 892 278 227 304 568 355 876 819 452 589 436 849 595 497 227 488 241 535 830 396 482 443 169 280 449 707 728 343 211 301 395 425 552 1058 622 98 819 755 700 554 264 157 382 713 729 911 810 542 288 627 774 430 462 342 92 908
473 237 833 265 232 330 771 713 667 0 407 293 590 677 737 724 417 475 305 945 858 414 489 266 331 928 114 492 472 540 302 394 540 151 1072 66 299 740 897 563 228 292 752 785 145 489 461 256 619 543 437 195 350 970 685 691 261 723 227 358 928 708 236 403 868 363 833 887 393 162 928 764 843 215 535 873 804 120 195 752 538 750 439 746 339 235 481 815 932 343 248 765 578 515 580 511 978 860 533 754 737 701 413 718 117 434 510 1037 917 385 740 379 906 918 343 756 597 260 750 585 939
620 624 664 295 204 724 937 997 512 407 0 240 713 479 661 890 625 413 603 1126 682 798 763 370 180 1172 314 301 281 876 613 798 809 520 1286 357 573 985 1011 895 570 691 582 725 266 857 857 406 705 870 315 354 680 1104 878 530 625 831 231 531 887 873 555 712 1082 765 773 729 430 246 860 1053 1078 316 764 893 1067 442 246 703 710 710 664 1021 467 199 640 681 786 102 616 985 653 301 628 633 927 951 939 926 609 987 759 942 319 442 392 881 1070 727 1051 755 971 800 645 1002 720 183 770 477 1178
381 448 557 59 96 548 700 761 390 293 240 0 479 389 495 653 386 221 383 889 581 607 528 133 66 932 181 199 179 654 396 633 573 344 1047 228 348 746 784 672 370 525 473 553 173 652 678 172 477 645 152 142 464 875 638 413 432 602 76 292 711 635 347 487 843 599 603 616 199 178 697 817 837 101 525 691 828 263 107 525 470 528 425 783 227 97 400 551 666 138 426 745 427 222 408 397 757 729 776 688 472 750 546 702 176 221 234 770 836 514 819 560 756 663 422 762 486 84 565 319 938
117 520 512 435 555 564 225 400 428 590 713 479 0 492 335 180 191 332 343 414 536 548 270 373 534 492 540 480 487 438 360 650 272 490 581 552 320 333 312 440 426 582 475 334 579 521 633 356 63 415 424 430 382 398 188 444 461 133 522 232 409 164 396 338 386 624 362 528 283 600 439 449 398 444 186 310 421 472 534 303 86 289 196 402 269 558 111 452 539 613 470 305 85 504 127 84 459 269 753 217 408 395 425 273 530 276 387 628 357 410 489 507 318 493 334 346 7 557 212 358 493
479 778 185 412 476 866 690 886 69 677 479 389 492 0 237 654 550 229 645 861 204 898 702 433 378 975 567 197 219 869 665 959 727 687 1037 611 604 825 691 879 679 857 105 299 562 912 981 464 444 851 239 492 724 791 678 67 740 547 464 483 448 641 646 716 862 925 338 250 338 564 407 938 885 463 647 502 913 615 496 293 547 308 587 892 432 476 499 210 308 427 740 793 407 184 365 453 479 620 1094 689 153 879 800 764 561 302 173 403 781 772 970 849 610 327 669 838 494 454 410 140 975
377 766 180 489 592 836 490 731 172 737 661 495 335 237 0 462 467 275 601 644 202 844 593 472 515 778 645 361 380 766 622 929 604 698 821 678 564 652 463 770 663 841 167 65 659 835 930 486 274 744 356 543 667 562 501 170 715 343 568 438 226 453 628 639 662 898 112 194 345 670 202 777 694 530 518 265 737 644 595 57 413 73 493 729 417 592 391 117 214 584 719 609 260 366 224 336 267 392 1050 493 93 727 729 589 636 304 272 315 560 707 822 798 375 184 612 663 335 577 185 185 776
273 604 641 605 723 620 48 295 587 724 890 653 180 654 462 0 308 511 438 237 662 578 290 537 710 321 693 659 666 418 450 693 261 602 401 696 430 199 191 410 527 649 620 438 736 524 654 514 212 393 603 588 445 247 65 600 543 122 690 382 451 17 503 388 209 673 448 642 460 759 499 330 233 607 207 320 278 605 698 415 190 399 288 281 433 726 257 575 638 788 555 148 257 682 295 257 493 191 768 37 548 294 457 137 682 456 564 710 193 455 389 548 261 583 414 206 174 728 290 527 321
92 329 627 330 437 380 355 378 501 417 625 386 191 550 467 308 0 334 152 534 653 377 156 255 450 550 389 466 463 318 170 469 193 302 676 389 129 361 483 329 235 393 569 486 436 370 463 223 240 301 395 290 202 554 273 522 270 317 404 94 590 292 205 173 470 441 524 658 236 460 611 434 457 317 140 500 442 297 406 452 123 442 41 398 161 441 85 578 681 523 279 368 221 494 247 137 640 452 583 338 517 368 262 322 379 258 399 779 501 239 445 332 507 645 149 377 198 448 393 412 557
278 551 361 216 317 637 555 695 199 475 413 221 332 229 275 511 334 0 417 741 386 669 490 214 248 821 374 149 156 651 436 730 522 464 911 412 375 651 605 663 451 630 282 332 385 687 752 240 306 635 99 281 497 702 516 224 511 431 293 258 491 495 417 493 717 697 382 413 110 395 476 750 726 261 449 481 738 397 320 304 361 308 374 708 203 318 300 341 458 323 511 632 256 173 224 267 536 543 865 547 262 687 574 596 366 76 64 563 675 545 772 620 559 448 443 665 337 304 357 111 824
239 177 748 324 401 235 482 414 605 305 603 383 343 645 601 438 152 417 0 646 774 253 185 255 449 624 315 520 511 273 21 328 235 166 768 297 41 435 623 292 89 244 682 628 368 276 337 214 392 266 447 250 84 685 391 629 119 466 372 166 739 423 68 109 565 297 668 786 307 394 757 468 538 289 237 652 501 192 361 593 269 585 154 445 213 405 236 707 815 507 127 462 368 549 389 285 790 598 453 463 638 403 165 415 306 343 477 916 627 134 453 204 655 783 43 451 349 420 543 513 634
510 795 814 842 959 789 190 343 792 945 1126 889 414 861 644 237 534 741 646 0 830 727 472 773 947 187 923 889 897 539 655 846 428 812 176 922 646 248 196 523 733 826 810 603 968 654 789 748 436 518 836 820 633 130 261 801 737 317 926 615 555 254 714 572 110 834 596 799 697 992 614 339 170 842 410 423 256 826 933 590 424 573 507 307 668 962 492 744 780 1025 750 195 485 910 520 494 580 262 890 201 736 350 620 238 912 691 791 829 89 628 413 710 312 720 614 238 408 964 459 744 175
566 927 26 594 673 1006 686 933 192 858 682 581 536 204 202 662 653 386 774 830 0 1024 788 600 578 974 753 398 420 960 795 1100 802 847 1004 794 735 854 640 966 824 1005 108 227 754 1023 1109 624 475 939 429 667 846 735 702 168 882 541 657 608 319 653 790 825 857 1067 237 54 485 759 263 979 892 643 716 419 938 783 688 246 611 263 682 931 572 672 582 87 112 630 884 809 458 388 419 529 332 570 1227 691 136 928 914 790 746 443 349 199 743 889 1024 976 536 153 790 864 536 651 376 276 970
468 178 998 551 597 92 610 405 858 414 798 607 548 898 844 578 377 669 253 727 1024 0 291 492 668 637 485 765 754 194 233 119 317 278 800 446 294 481 767 215 236 139 933 863 535 90 86 452 606 212 693 465 177 803 516 882 175 646 575 418 957 567 262 210 624 110 899 1032 559 559 983 440 577 506 381 853 507 356 554 829 462 819 357 444 466 601 458 953 1058 713 183 533 595 794 624 512 1007 763 207 589 887 394 124 494 480 596 729 1156 738 138 388 49 830 1022 233 492 552 622 760 766 652
225 324 763 470 566 330 327 236 648 489 763 528 270 702 593 290 156 490 185 472 788 291 0 395 594 439 494 621 618 173 188 404 50 347 585 480 199 250 481 179 266 361 712 600 546 252 372 357 332 152 551 413 161 527 231 669 265 356 534 245 676 278 253 101 384 383 631 787 392 572 708 291 354 447 90 565 317 377 529 568 184 555 116 263 312 570 206 708 803 662 278 281 333 650 370 259 724 473 490 307 654 225 168 236 485 414 554 895 465 164 292 259 539 760 147 266 273 581 481 562 449
264 350 574 75 186 444 586 628 412 266 370 133 373 433 472 537 255 214 255 773 600 492 395 0 200 804 180 275 262 523 270 535 440 255 925 208 218 616 684 541 258 430 496 520 210 529 569 41 384 514 205 72 338 770 517 437 321 503 153 163 667 520 230 356 719 500 569 626 128 229 664 684 710 72 395 624 697 184 162 488 350 486 294 651 105 189 281 551 668 268 318 620 337 304 329 288 716 636 675 572 474 618 420 575 170 168 260 773 726 388 686 444 672 653 293 633 380 193 497 325 811
441 506 555 126 104 606 757 826 390 331 180 66 534 378 515 710 450 248 449 947 578 668 594 200 0 994 218 181 159 720 462 690 639 401 1107 268 414 809 834 738 433 581 471 576 195 716 737 239 527 712 159 204 530 927 698 412 493 653 105 356 736 693 411 553 903 656 626 617 251 191 717 883 900 163 589 728 892 319 136 550 531 555 490 848 291 102 461 557 670 79 486 807 476 198 453 453 780 776 833 746 480 816 611 765 217 266 244 772 891 579 886 622 800 673 488 825 540 78 603 332 1000
556 742 955 878 987 714 289 233 908 928 1172 932 492 975 778 321 550 821 624 187 974 637 439 804 994 0 929 969 973 444 626 753 389 783 164 918 635 190 369 423 703 756 940 747 979 553 684 772 532 427 908 838 587 317 305 921 690 435 954 641 723 334 692 529 117 748 748 949 755 1004 779 202 95 867 410 588 131 815 954 728 467 711 513 194 704 991 536 887 937 1070 704 189 574 993 614 556 754 426 770 287 867 244 550 230 919 758 878 996 267 567 269 632 486 879 585 174 487 997 598 847 16
426 310 729 159 122 410 741 728 561 114 314 181 540 567 645 693 389 374 315 923 753 485 494 180 218 929 0 379 359 579 320 486 544 206 1063 49 295 739 852 600 264 378 646 696 53 548 543 186 559 577 328 112 381 933 662 585 314 673 113 312 846 676 256 424 857 452 745 785 307 79 841 782 839 115 522 803 811 132 82 664 503 664 420 757 274 126 438 715 831 238 304 754 514 402 508 457 894 808 628 725 636 717 456 708 11 344 404 936 885 425 768 443 848 822 358 755 548 150 677 482 938
421 624 376 233 281 719 703 836 215 492 301 199 480 197 361 659 466 149 520 889 398 765 621 275 181 969 379 0 23 774 537 809 658 525 1059 426 479 797 747 788 533 703 292 425 368 795 843 313 453 760 73 321 603 845 664 235 596 576 271 379 587 643 504 610 865 775 473 439 230 369 559 892 874 286 590 602 884 447 304 405 507 414 506 851 315 280 442 384 494 234 593 780 404 29 369 414 627 682 949 696 310 828 684 743 374 213 101 594 820 653 909 717 691 502 552 811 485 257 486 178 972
422 610 399 216 259 706 710 836 237 472 281 179 487 219 380 666 463 156 511 897 420 754 618 262 159 973 359 23 0 768 528 796 656 510 1067 407 471 799 759 783 521 689 314 445 347 787 831 302 462 755 68 305 594 857 669 257 583 586 251 375 606 650 492 603 871 761 493 462 228 347 580 892 879 269 590 619 886 431 283 424 509 432 504 852 309 258 444 406 517 211 580 784 412 43 379 418 647 694 936 703 331 827 676 746 355 216 115 617 830 644 908 706 706 524 545 814 492 235 501 196 977
396 319 935 595 673 273 442 211 818 540 876 654 438 869 766 418 318 651 273 539 960 194 173 523 720 444 579 774 768 0 262 311 168 390 606 552 306 292 601 23 317 317 883 771 632 114 250 483 501 25 702 523 197 625 353 839 280 508 644 396 839 411 323 167 434 304 800 959 547 658 874 248 384 561 252 721 314 448 632 739 354 726 282 250 459 677 378 881 975 780 294 349 506 803 542 432 886 609 355 422 826 201 127 314 571 575 715 1066 559 155 205 191 678 931 232 302 441 692 647 730 458
259 160 769 338 410 215 494 412 626 302 613 396 360 665 622 450 170 436 21 655 795 233 188 270 462 626 320 537 528 262 0 307 238 159 773 299 61 439 636 282 79 224 702 648 373 259 317 229 410 257 465 261 68 696 401 649 100 481 382 187 758 436 66 104 571 276 688 806 327 399 777 465 542 301 247 670 502 194 370 613 284 605 169 444 233 415 254 727 836 519 110 468 388 567 409 305 809 613 433 474 659 401 150 421 312 363 496 936 638 118 448 184 671 804 41 454 367 430 562 534 637
561 186 1074 583 606 94 726 521 926 394 798 633 650 959 929 693 469 730 328 846 1100 119 404 535 690 753 486 809 796 311 307 0 433 289 916 440 366 599 883 331 280 108 1005 954 531 200 85 499 706 330 740 493 268 921 632 950 219 756 589 493 1057 682 313 314 743 35 993 1113 622 552 1080 554 695 533 492 958 624 371 564 919 566 910 455 561 530 610 553 1034 1143 723 219 652 690 838 714 606 1107 876 143 706 965 511 236 613 483 661 787 1243 856 242 498 145 941 1110 320 611 655 633 860 834 768
249 368 778 515 614 366 293 188 672 540 809 573 272 727 604 261 193 522 235 428 802 317 50 440 639 389 544 658 656 168 238 433 0 396 535 531 249 201 451 168 315 400 731 606 596 265 393 403 335 144 588 462 206 490 199 691 311 341 582 286 670 251 303 145 337 416 633 798 428 621 706 244 305 495 86 553 267 427 578 575 191 561 152 214 353 618 229 721 811 708 324 235 345 686 383 277 717 449 508 273 670 178 198 190 535 448 586 900 426 201 252 290 517 765 197 216 275 628 479 588 399
376 106 821 295 321 206 647 564 663 151 520 344 490 687 698 602 302 464 166 812 847 278 347 255 401 783 206 525 510 390 159 289 396 0 931 169 174 597 784 412 81 181 745 735 257 344 339 224 530 392 458 205 200 849 557 687 112 619 302 272 864 587 99 255 730 255 780 868 362 281 874 615 701 244 403 791 657 82 278 701 425 696 315 598 281 325 379 791 905 438 100 626 497 553 508 420 915 754 432 628 716 553 263 580 201 404 514 1009 792 235 589 237 808 882 200 612 497 347 674 573 794
666 898 988 996 1110 874 356 395 969 1072 1286 1047 581 1037 821 401 676 911 768 176 1004 800 585 925 1107 164 1063 1059 1067 606 773 916 535 931 0 1057 775 335 365 585 851 915 987 778 1111 716 848 897 608 588 1004 966 739 278 409 977 843 492 1077 763 720 417 837 679 207 910 769 971 859 1136 780 365 231 991 541 592 292 956 1081 766 577 749 644 355 822 1114 647 919 950 1184 857 309 655 1081 692 656 741 435 934 364 913 405 709 356 1053 856 963 994 261 723 432 792 477 890 731 320 575 1118 636 919 148
435 269 769 200 171 368 743 711 603 66 357 228 552 611 678 696 389 412 297 922 794 446 480 208 268 918 49 426 407 552 299 440 531 169 1057 0 283 728 862 574 235 334 688 727 91 513 501 204 575 551 372 136 356 939 661 627 280 685 162 320 874 679 233 403 851 408 776 824 336 114 872 764 830 152 516 825 797 105 132 695 507 694 416 742 291 174 446 753 870 285 268 748 532 450 530 470 923 821 582 727 674 700 427 701 52 375 446 975 889 397 746 406 864 858 339 744 559 199 700 522 928
210 206 709 288 372 272 475 433 565 299 573 348 320 604 564 430 129 375 41 646 735 294 199 218 414 635 295 479 471 306 61 366 249 174 775 283 0 445 610 325 107 277 641 593 347 316 377 177 364 298 407 220 124 677 387 589 151 446 342 127 709 414 76 140 570 334 634 747 266 373 725 488 547 257 236 626 516 181 334 558 251 550 142 462 172 376 210 668 778 475 157 466 337 509 356 256 759 581 493 457 599 422 205 420 286 302 436 879 621 174 479 245 636 747 75 461 326 390 514 473 645
377 564 832 691 798 547 195 106 761 740 985 746 333 825 652 199 361 651 435 248 854 481 250 616 809 190 739 797 799 292 439 599 201 597 335 728 445 0 340 275 516 586 804 634 788 406 541 584 385 270 732 648 404 342 151 776 509 320 765 454 649 203 503 344 144 589 646 837 575 814 697 132 104 678 222 516 88 626 765 609 290 592 324 84 519 802 356 767 836 883 523 65 418 823 460 384 688 370 643 180 734 110 379 63 729 584 711 909 276 391 196 466 440 781 397 16 331 809 487 690 200
427 792 626 744 865 811 159 447 622 897 1011 784 312 691 463 191 483 605 623 196 640 767 481 684 834 369 852 747 759 601 636 883 451 784 365 862 610 340 0 591 711 840 630 416 891 710 842 668 307 577 704 743 635 100 252 627 731 182 832 542 359 203 685 578 259 864 404 607 585 913 418 465 315 756 397 228 392 777 845 407 360 391 469 421 581 867 416 556 586 913 743 275 358 765 383 396 386 72 955 179 556 449 647 294 842 569 647 634 106 645 535 739 117 525 601 340 305 865 281 587 360
404 343 941 613 693 295 432 191 827 563 895 672 440 879 770 410 329 663 292 523 966 215 179 541 738 423 600 788 783 23 282 331 168 412 585 574 325 275 591 0 339 340 891 774 653 132 267 500 503 28 716 542 219 611 345 848 303 504 664 409 837 404 344 185 416 325 801 964 560 679 873 226 365 581 254 717 293 470 652 742 357 729 292 230 474 697 385 886 978 799 317 334 510 817 547 438 883 601 368 412 832 181 150 301 592 587 727 1068 545 178 181 214 671 933 251 285 442 712 647 740 437
317 103 798 315 367 187 571 484 647 228 570 370 426 679 663 527 235 451 89 733 824 236 266 258 433 703 264 533 521 317 79 280 315 81 851 235 107 516 711 339 0 180 727 694 317 287 310 220 471 317 463 229 122 773 479 671 63 552 342 225 814 512 35 175 650 246 737 841 343 342 829 536 620 270 325 733 577 132 325 660 355 653 242 518 253 371 317 762 874 481 61 546 443 562 460 363 865 685 417 552 690 473 193 500 256 383 507 977 715 162 513 190 742 846 120 532 433 390 620 555 714
483 80 979 475 498 47 688 523 827 292 691 525 582 857 841 649 393 630 244 826 1005 139 361 430 581 756 378 703 689 317 224 108 400 181 915 334 277 586 840 340 180 0 907 870 425 227 169 394 633 330 635 386 205 888 592 851 126 697 481 402 983 636 215 262 729 74 911 1021 523 447 1001 564 687 425 443 892 625 263 456 835 502 827 387 562 433 502 478 942 1053 615 121 631 612 731 633 529 1033 825 251 667 871 513 207 589 375 563 684 1155 825 199 519 126 886 1024 248 600 588 525 786 735 769
487 829 85 487 565 911 651 875 85 752 582 473 475 105 167 620 569 282 682 810 108 933 712 496 471 940 646 292 314 883 702 1005 731 745 987 688 641 804 630 891 727 907 0 219 646 938 1018 522 419 863 321 561 757 729 653 60 785 505 549 516 355 610 693 740 824 972 249 148 385 651 309 924 853 536 647 425 890 679 580 223 543 239 602 877 475 565 505 107 204 525 787 765 392 284 350 454 381 559 1135 653 74 869 827 741 639 344 242 302 727 802 963 885 538 223 701 815 476 544 351 173 938
395 797 210 543 649 862 460 719 236 785 725 553 334 299 65 438 486 332 628 603 227 863 600 520 576 747 696 425 445 771 648 954 606 735 778 727 593 634 416 774 694 870 219 0 713 847 949 530 271 749 417 591 688 513 483 232 744 316 624 469 162 431 660 656 630 924 50 204 391 725 145 762 666 581 520 206 715 687 650 35 417 45 508 713 456 650 406 141 206 646 749 586 269 431 240 351 204 345 1070 466 149 715 745 570 687 352 335 295 517 725 811 819 320 160 634 643 332 636 149 248 743
466 360 730 170 91 459 784 780 562 145 266 173 579 562 659 736 436 385 368 968 754 535 546 210 195 979 53 368 347 632 373 531 596 257 1111 91 347 788 891 653 317 425 646 713 0 600 591 223 593 630 325 149 435 974 708 586 366 710 98 354 866 719 309 476 905 499 763 789 330 26 858 835 888 138 571 831 862 185 66 682 546 684 468 809 310 94 480 721 838 199 356 802 546 389 537 495 914 844 673 769 642 769 510 756 62 364 406 942 928 478 821 494 882 832 411 805 586 119 704 489 987
457 253 997 594 654 181 551 322 867 489 857 652 521 912 835 524 370 687 276 654 1023 90 252 529 716 553 548 795 787 114 259 200 265 344 716 513 316 406 710 132 287 227 938 847 600 0 136 488 582 137 723 513 192 738 460 890 234 605 629 429 928 515 305 198 548 198 880 1027 578 625 959 354 497 553 341 816 424 416 612 814 434 802 342 362 485 658 443 947 1048 767 245 462 578 825 611 499 976 713 244 531 887 313 113 427 541 611 749 1142 672 142 299 110 782 1007 244 416 524 677 733 776 568
554 233 1083 624 660 133 683 456 942 461 857 678 633 981 930 654 463 752 337 789 1109 86 372 569 737 684 543 843 831 250 317 85 393 339 848 501 377 541 842 267 310 169 1018 949 591 136 0 530 691 272 772 536 263 873 591 966 248 728 640 503 1042 644 339 295 683 104 985 1118 642 614 1069 483 632 576 462 936 557 420 617 915 547 905 442 495 548 664 544 1039 1144 777 252 598 681 872 710 599 1091 842 121 663 973 446 208 562 539 679 811 1242 807 224 423 133 909 1108 319 552 637 686 845 850 700
243 315 598 113 215 407 563 591 439 256 406 172 356 464 486 514 223 240 214 748 624 452 357 41 239 772 186 313 302 483 229 499 403 224 897 204 177 584 668 500 220 394 522 530 223 488 530 0 374 473 242 75 297 751 490 463 283 488 182 134 673 497 191 316 690 464 578 647 142 246 674 648 679 95 362 621 663 160 185 497 325 495 260 616 88 218 257 572 688 305 280 590 329 342 326 272 722 623 637 548 495 581 379 545 175 184 290 792 705 347 647 404 663 669 252 600 363 226 496 349 780
154 569 452 440 560 618 252 458 378 619 705 477 63 444 274 212 240 306 392 436 475 606 332 384 527 532 559 453 462 501 410 706 335 530 608 575 364 385 307 503 471 633 419 271 593 582 691 374 0 478 403 448 438 400 235 392 510 126 528 262 352 198 439 397 422 679 299 466 278 613 378 506 441 456 249 262 472 504 543 240 148 226 251 458 286 563 156 391 476 607 519 350 51 474 84 110 401 253 812 248 350 453 484 323 548 263 356 565 369 468 549 565 289 430 387 397 61 559 154 315 533
376 327 914 586 667 287 418 194 799 543 870 645 415 851 744 393 301 635 266 518 939 212 152 514 712 427 577 760 755 25 257 330 144 392 588 551 298 270 577 28 317 330 863 749 630 137 272 473 478 0 688 516 196 602 329 820 284 484 638 381 815 386 321 158 413 322 777 938 532 656 850 235 365 554 229 696 297 447 627 717 332 704 264 233 446 671 358 860 953 773 298 326 484 789 521 411 861 584 379 398 805 184 132 291 568 559 699 1043 535 157 198 205 653 908 225 281 418 686 623 712 441
355 555 405 173 245 649 648 768 238 437 315 152 424 239 356 603 395 99 447 836 429 693 551 205 159 908 328 73 68 702 465 740 588 458 1004 372 407 732 704 716 463 635 321 417 325 723 772 242 403 688 0 257 531 801 604 261 525 528 228 307 579 587 433 537 807 706 467 465 160 330 558 824 813 225 522 578 819 382 259 393 443 399 436 784 242 245 377 401 516 229 523 719 352 102 322 352 622 642 880 640 323 759 611 680 321 149 85 619 772 581 840 645 658 515 480 747 429 226 455 173 911
317 308 641 90 153 406 636 649 477 195 354 142 430 492 543 588 290 281 250 820 667 465 413 72 204 838 112 321 305 523 261 493 462 205 966 136 220 648 743 542 229 386 561 591 149 513 536 75 448 516 257 0 328 825 561 501 290 563 122 206 738 570 207 358 760 459 640 694 200 172 736 705 746 41 428 692 725 126 117 559 398 558 325 675 162 157 331 621 738 258 284 658 402 348 397 347 787 697 635 621 543 638 409 612 101 239 321 843 779 377 699 418 737 723 292 665 438 170 566 392 846
293 162 820 406 476 182 485 364 683 350 680 464 382 724 667 445 202 497 84 633 846 177 161 338 530 587 381 603 594 197 68 268 206 200 739 356 124 404 635 219 122 205 757 688 435 192 263 297 438 196 531 328 0 687 390 706 104 493 449 242 789 432 126 61 543 241 726 855 388 461 812 415 508 368 238 692 459 251 435 654 300 644 187 399 294 480 285 776 881 586 118 441 422 633 449 339 839 620 383 465 710 353 82 396 374 423 559 980 625 50 391 131 682 846 56 419 388 497 591 591 599
508 847 721 833 953 856 203 446 722 970 1104 875 398 791 562 247 554 702 685 130 735 803 527 770 927 317 933 845 857 625 696 921 490 849 278 939 677 342 100 611 773 888 729 513 974 738 873 751 400 602 801 825 687 0 297 727 787 274 920 621 442 263 750 627 226 905 498 699 676 996 503 452 287 841 450 318 372 850 931 506 433 490 535 414 666 956 495 652 675 1006 800 279 451 864 479 482 462 171 980 222 655 451 688 311 922 663 745 715 66 690 526 779 201 614 659 337 391 954 381 687 305
257 551 681 588 702 562 95 238 613 685 878 638 188 678 501 65 273 516 391 261 702 516 231 517 698 305 662 664 669 353 401 632 199 557 409 661 387 151 252 345 479 592 653 483 708 460 591 490 235 329 604 561 390 297 0 627 490 174 669 356 509 60 458 331 205 613 498 686 453 732 554 279 211 584 155 381 237 566 674 458 168 442 247 230 413 706 238 616 687 776 503 117 272 689 314 252 552 255 704 75 583 236 396 88 652 455 574 763 236 396 332 488 325 633 363 162 184 709 338 545 308
444 772 144 427 505 856 634 843 25 691 530 413 444 67 170 600 522 224 629 801 168 882 669 437 412 921 585 235 257 839 649 950 691 687 977 627 589 776 627 848 671 851 60 232 586 890 966 463 392 820 261 501 706 727 627 0 731 489 489 464 382 588 637 692 807 917 271 205 328 591 343 893 832 476 608 436 864 620 520 227 506 241 557 846 420 505 463 151 259 469 732 742 359 229 317 414 414 556 1082 634 87 836 778 715 579 288 182 360 720 752 929 833 544 270 650 789 446 485 347 116 920
358 61 855 377 423 126 585 465 706 261 625 432 461 740 715 543 270 511 119 737 882 175 265 321 493 690 314 596 583 280 100 219 311 112 843 280 151 509 731 303 63 126 785 744 366 234 248 283 510 284 525 290 104 787 490 731 0 580 400 277 858 529 94 165 647 186 785 896 403 391 875 513 612 331 337 770 561 183 380 709 384 701 268 500 311 427 354 817 928 538 14 545 487 625 507 404 908 711 355 565 747 453 153 500 308 442 568 1030 726 127 482 130 770 898 130 523 467 447 662 614 702
250 641 521 562 683 675 146 412 479 723 831 602 133 547 343 122 317 431 466 317 541 646 356 503 653 435 673 576 586 508 481 756 341 619 492 685 446 320 182 504 552 697 505 316 710 605 728 488 126 484 528 563 493 274 174 489 580 0 650 365 337 117 523 442 320 732 326 520 403 731 380 451 351 574 266 213 400 605 664 294 197 278 312 402 401 685 242 454 516 732 591 270 177 596 207 216 381 136 846 150 432 410 523 257 662 389 477 590 244 513 506 611 190 461 451 328 126 682 167 428 433
416 407 633 89 33 508 738 770 466 227 231 76 522 464 568 690 404 293 372 926 657 575 534 153 105 954 113 271 251 644 382 589 582 302 1077 162 342 765 832 664 342 481 549 624 98 629 640 182 528 638 228 122 449 920 669 489 400 650 0 314 780 673 325 480 871 555 674 692 254 103 769 826 861 88 544 754 844 220 33 595 502 597 441 795 257 37 433 626 742 138 392 771 479 293 465 439 827 781 732 725 547 759 529 726 111 282 310 846 878 497 821 530 813 738 414 781 529 48 627 394 961
115 328 582 236 347 400 430 472 441 358 531 292 232 483 438 382 94 258 166 615 608 418 245 163 356 641 312 379 375 396 187 493 286 272 763 320 127 454 542 409 225 402 516 469 354 429 503 134 262 381 307 206 242 621 356 464 277 365 314 0 593 365 191 235 557 461 512 620 152 378 604 528 548 228 233 521 536 242 318 434 192 428 135 493 67 351 126 541 651 429 281 457 226 408 237 153 643 502 620 415 472 462 317 413 301 182 321 753 573 289 537 370 548 621 186 470 239 356 402 349 648
500 915 314 697 806 969 457 746 391 928 887 711 409 448 226 451 590 491 739 555 319 957 676 667 736 723 846 587 606 839 758 1057 670 864 720 874 709 649 359 837 814 983 355 162 866 928 1042 673 352 815 579 738 789 442 509 382 858 337 780 593 0 450 780 748 609 1030 114 273 539 880 61 781 656 731 588 136 721 824 805 187 496 183 602 732 592 808 505 253 237 808 865 591 371 592 356 454 51 297 1162 469 295 745 834 588 836 503 497 275 466 819 840 916 243 177 738 654 405 794 198 410 716
256 590 632 588 706 608 65 296 575 708 873 635 164 641 453 17 292 495 423 254 653 567 278 520 693 334 676 643 650 411 436 682 251 587 417 679 414 203 203 404 512 636 610 431 719 515 644 497 198 386 587 570 432 263 60 588 529 117 673 365 450 0 487 375 224 662 443 634 443 742 496 334 244 590 194 321 285 588 681 407 173 391 272 285 415 709 240 566 632 771 541 156 242 666 281 240 492 198 759 53 538 295 446 140 665 439 549 706 210 442 390 537 267 578 399 212 158 710 283 513 334
285 138 764 290 352 220 548 479 613 236 555 347 396 646 628 503 205 417 68 714 790 262 253 230 411 692 256 504 492 323 66 313 303 99 837 233 76 503 685 344 35 215 693 660 309 305 339 191 439 321 433 207 126 750 458 637 94 523 325 191 780 487 0 170 634 279 703 806 309 335 794 532 607 248 304 701 568 128 310 625 327 618 216 511 218 356 285 727 839 463 94 530 410 533 426 330 831 657 449 529 656 467 204 483 248 349 474 942 693 172 513 214 712 811 107 519 402 373 587 521 702
262 223 800 428 510 234 426 310 670 403 712 487 338 716 639 388 173 493 109 572 825 210 101 356 553 529 424 610 603 167 104 314 145 255 679 403 140 344 578 185 175 262 740 656 476 198 295 316 397 158 537 358 61 627 331 692 165 442 480 235 748 375 170 0 482 290 691 830 386 503 774 362 448 396 181 645 402 297 470 622 253 611 148 343 295 514 250 751 853 615 179 380 387 639 417 305 797 565 416 406 689 299 89 335 415 417 556 950 565 72 345 170 629 815 67 360 343 528 550 579 540
462 704 838 791 904 691 173 233 795 868 1082 843 386 862 662 209 470 717 565 110 857 624 384 719 903 117 857 865 871 434 571 743 337 730 207 851 570 144 259 416 650 729 824 630 905 548 683 690 422 413 807 760 543 226 205 807 647 320 871 557 609 224 634 482 0 732 631 832 658 929 664 230 61 785 335 473 147 752 875 611 372 594 437 197 617 908 443 770 821 980 661 104 466 889 505 456 641 312 782 174 751 241 522 151 847 658 772 881 166 532 304 610 374 762 530 132 381 912 481 736 114
532 151 1041 548 572 62 708 515 892 363 765 599 624 925 898 673 441 697 297 834 1067 110 383 500 656 748 452 775 761 304 276 35 416 255 910 408 334 589 864 325 246 74 972 924 499 198 104 464 679 322 706 459 241 905 613 917 186 732 555 461 1030 662 279 290 732 0 963 1081 589 520 1051 550 686 498 470 933 618 337 530 889 541 881 428 554 497 576 525 1002 1112 689 185 639 661 803 685 577 1080 855 177 688 932 505 218 599 450 628 753 1213 841 220 497 126 919 1080 292 601 629 599 832 800 762
432 840 225 593 699 902 465 736 278 833 773 603 362 338 112 448 524 382 668 596 237 899 631 569 626 748 745 473 493 800 688 993 633 780 769 776 634 646 404 801 737 911 249 50 763 880 985 578 299 777 467 640 726 498 498 271 785 326 674 512 114 443 703 691 631 963 0 203 440 775 96 776 671 630 548 183 725 734 700 81 447 85 543 727 502 700 442 157 190 696 791 595 304 478 279 387 155 334 1106 473 185 733 780 583 736 401 384 268 508 761 829 856 300 136 672 654 359 686 160 297 743
569 944 65 626 710 1020 663 920 227 887 729 616 528 250 194 642 658 413 786 799 54 1032 787 626 617 949 785 439 462 959 806 1113 798 868 971 824 747 837 607 964 841 1021 148 204 789 1027 1118 647 466 938 465 694 855 699 686 205 896 520 692 620 273 634 806 830 832 1081 203 0 506 795 215 964 870 673 712 382 919 807 723 229 607 244 685 916 589 709 584 80 59 673 899 789 454 431 417 529 282 537 1238 670 152 916 919 773 777 464 382 155 711 896 1012 986 499 101 799 846 527 690 353 303 944
199 444 459 165 284 529 507 608 304 393 430 199 283 338 345 460 236 110 307 697 485 559 392 128 251 755 307 230 228 547 327 622 428 362 859 336 266 575 585 560 343 523 385 391 330 578 642 142 278 532 160 200 388 676 453 328 403 403 254 152 539 443 309 386 658 589 440 506 0 346 536 664 660 193 362 502 661 302 273 359 288 358 276 625 94 287 220 430 545 330 403 566 228 258 211 204 588 530 756 497 354 599 466 525 297 42 171 650 640 436 680 511 559 527 334 591 289 281 375 212 759
488 383 735 183 88 481 808 806 568 162 246 178 600 564 670 759 460 395 394 992 759 559 572 229 191 1004 79 369 347 658 399 552 621 281 1136 114 373 814 913 679 342 447 651 725 26 625 614 246 613 656 330 172 461 996 732 591 391 731 103 378 880 742 335 503 929 520 775 795 346 0 870 861 913 157 596 848 887 210 75 695 569 697 493 835 331 89 503 729 845 185 380 827 566 388 555 516 927 865 693 793 650 795 535 781 88 379 413 949 951 504 847 519 901 841 437 830 608 114 721 497 1013
520 931 260 688 793 990 508 792 355 928 860 697 439 407 202 499 611 476 757 614 263 983 708 664 717 779 841 559 580 874 777 1080 706 874 780 872 725 697 418 873 829 1001 309 145 858 959 1069 674 378 850 558 736 812 503 554 343 875 380 769 604 61 496 794 774 664 1051 96 215 536 870 0 829 710 726 622 191 771 829 795 177 525 179 627 780 597 794 527 203 176 786 882 641 390 562 369 474 72 354 1189 519 257 791 862 636 832 497 474 217 524 845 886 941 303 117 759 704 435 779 227 386 772
472 560 957 759 857 521 326 56 876 764 1053 817 449 938 777 330 434 750 468 339 979 440 291 684 883 202 782 892 892 248 465 554 244 615 365 764 488 132 465 226 536 564 924 762 835 354 483 648 506 235 824 705 415 452 279 893 513 451 826 528 781 334 532 362 230 550 776 964 664 861 829 0 169 738 302 647 83 659 821 736 392 720 394 49 595 861 450 893 965 953 527 193 534 919 576 488 820 500 569 312 856 67 365 194 773 679 812 1040 388 386 74 439 569 912 426 128 448 872 616 800 217
461 667 872 784 894 647 206 178 819 843 1078 837 398 885 694 233 457 726 538 170 892 577 354 710 900 95 839 874 879 384 542 695 305 701 231 830 547 104 315 365 620 687 853 666 888 497 632 679 441 365 813 746 508 287 211 832 612 351 861 548 656 244 607 448 61 686 671 870 660 913 710 169 0 774 318 521 86 728 862 646 372 629 421 140 610 898 441 805 861 975 626 94 482 899 522 461 690 362 727 201 781 186 480 135 829 664 784 926 226 493 244 565 427 804 501 89 394 904 517 755 100
334 348 618 53 120 447 655 682 452 215 316 101 444 463 530 607 317 261 289 842 643 506 447 72 163 867 115 286 269 561 301 533 495 244 991 152 257 678 756 581 270 425 536 581 138 553 576 95 456 554 225 41 368 841 584 476 331 574 88 228 731 590 248 396 785 498 630 673 193 157 726 738 774 0 456 693 756 163 91 549 418 550 354 708 176 124 350 601 718 219 325 685 408 312 399 360 780 707 675 641 523 672 450 639 106 229 295 823 797 417 735 459 744 707 330 694 451 134 566 370 874
171 397 692 469 577 415 248 247 589 535 764 525 186 647 518 207 140 449 237 410 716 381 90 395 589 410 522 590 590 252 247 492 86 403 541 516 236 222 397 254 325 443 647 520 571 341 462 362 249 229 522 428 238 450 155 608 337 266 544 233 588 194 304 181 335 470 548 712 362 596 622 302 318 456 0 475 303 417 544 488 105 475 103 262 298 580 150 635 725 662 349 232 259 617 298 194 636 385 580 228 585 238 257 186 512 377 512 814 391 251 324 347 449 679 208 238 189 587 395 508 418
416 829 407 667 783 874 322 615 436 873 893 691 310 502 265 320 500 481 652 423 419 853 565 624 728 588 803 602 619 721 670 958 553 791 592 825 626 516 228 717 733 892 425 206 831 816 936 621 262 696 578 692 692 318 381 436 770 213 754 521 136 321 701 645 473 933 183 382 502 848 191 647 521 693 475 0 586 762 775 209 392 196 505 599 535 785 416 339 358 804 779 457 296 614 295 371 173 163 1055 336 355 615 729 456 793 472 504 408 334 717 709 814 118 297 644 521 304 776 127 427 581
464 613 917 772 876 583 264 103 849 804 1067 828 421 913 737 278 442 738 501 256 938 507 317 697 892 131 811 884 886 314 502 624 267 657 292 797 516 88 392 293 577 625 890 715 862 424 557 663 472 297 819 725 459 372 237 864 561 400 844 536 721 285 568 402 147 618 725 919 661 887 771 83 86 756 303 586 0 693 842 692 377 675 403 63 601 880 442 851 916 965 576 131 506 910 548 472 758 432 648 253 820 113 420 149 801 671 799 986 309 437 157 501 500 860 461 75 418 888 567 778 145
355 188 757 215 241 288 651 606 595 120 442 263 472 615 644 605 297 397 192 826 783 356 377 184 319 815 132 447 431 448 194 371 427 82 956 105 181 626 777 470 132 263 679 687 185 416 420 160 504 447 382 126 251 850 566 620 183 605 220 242 824 588 128 297 752 337 734 807 302 210 829 659 728 163 417 762 693 0 198 653 418 650 319 637 232 245 363 731 847 357 174 648 465 474 471 395 874 741 514 634 655 594 325 601 125 343 443 952 797 294 641 313 790 828 233 642 480 266 640 507 825
425 384 664 108 43 484 746 765 497 195 246 107 534 496 595 698 406 320 361 933 688 554 529 162 136 954 82 304 283 632 370 564 578 278 1081 132 334 765 845 652 325 456 580 650 66 612 617 185 543 627 259 117 435 931 674 520 380 664 33 318 805 681 310 470 875 530 700 723 273 75 795 821 862 91 544 775 842 198 0 620 509 622 441 792 266 47 441 656 772 160 372 774 495 325 483 450 852 796 706 732 577 754 514 728 82 304 340 876 887 482 813 511 830 767 403 781 541 69 648 423 962
361 763 227 513 620 828 440 692 227 752 703 525 303 293 57 415 452 304 593 590 246 829 568 488 550 728 664 405 424 739 613 919 575 701 766 695 558 609 407 742 660 835 223 35 682 814 915 497 240 717 393 559 654 506 458 227 709 294 595 434 187 407 625 622 611 889 81 229 359 695 177 736 646 549 488 209 692 653 620 0 385 17 474 687 422 622 372 159 236 622 715 563 236 413 205 317 232 336 1036 445 149 688 711 545 655 321 312 328 505 691 784 784 318 193 599 619 301 608 131 227 725
90 444 587 420 536 482 238 339 488 538 710 470 86 547 413 190 123 361 269 424 611 462 184 350 531 467 503 507 509 354 284 566 191 425 577 507 251 290 360 357 355 502 543 417 546 434 547 325 148 332 443 398 300 433 168 506 384 197 502 192 496 173 327 253 372 541 447 607 288 569 525 392 372 418 105 392 377 418 509 385 0 372 116 348 246 539 70 530 621 608 394 278 154 533 193 96 545 330 667 223 480 332 339 237 492 294 422 712 382 325 423 423 387 577 255 305 91 542 299 409 471
351 755 244 514 623 819 423 676 241 750 710 528 289 308 73 399 442 308 585 573 263 819 555 486 555 711 664 414 432 726 605 910 561 696 749 694 550 592 391 729 653 827 239 45 684 802 905 495 226 704 399 558 644 490 442 241 701 278 597 428 183 391 618 611 594 881 85 244 358 697 179 720 629 550 475 196 675 650 622 17 372 0 463 671 418 625 361 176 250 628 707 546 224 423 196 306 230 319 1025 428 166 672 700 529 655 321 319 340 488 681 768 774 302 205 590 602 287 612 114 236 708
116 329 657 369 474 369 334 337 535 439 664 425 196 587 493 288 41 374 154 507 682 357 116 294 490 513 420 506 504 282 169 455 152 315 644 416 142 324 469 292 242 387 602 508 468 342 442 260 251 264 436 325 187 535 247 557 268 312 441 135 602 272 216 148 437 428 543 685 276 493 627 394 421 354 103 505 403 319 441 474 116 463 0 358 202 478 102 606 706 562 278 335 239 535 270 157 652 444 563 316 547 327 237 289 409 298 438 802 479 218 404 314 502 667 139 340 201 485 404 448 521
430 551 909 726 827 520 278 39 830 746 1021 783 402 892 729 281 398 708 445 307 931 444 263 651 848 194 757 851 852 250 444 561 214 598 355 742 462 84 421 230 518 562 877 713 809 362 495 616 458 233 784 675 399 414 230 846 500 402 795 493 732 285 511 343 197 554 727 916 625 835 780 49 140 708 262 599 63 637 792 687 348 671 358 0 559 831 408 845 916 920 515 147 487 878 529 444 772 453 588 264 808 50 357 145 748 637 770 991 349 376 114 438 523 863 404 81 401 841 567 755 208
159 355 546 175 290 436 481 539 396 339 467 227 269 432 417 433 161 203 213 668 572 466 312 105 291 704 274 315 309 459 233 530 353 281 822 291 172 519 581 474 253 433 475 456 310 485 548 88 286 446 242 162 294 666 413 420 311 401 257 67 592 415 218 295 617 497 502 589 94 331 597 595 610 176 298 535 601 232 266 422 246 418 202 559 0 294 176 512 625 365 312 518 241 344 241 185 642 535 663 467 438 529 373 475 263 131 264 729 621 343 604 417 575 601 241 535 276 296 411 304 711
453 431 649 123 4 531 774 805 482 235 199 97 558 476 592 726 441 318 405 962 672 601 570 189 102 991 126 280 258 677 415 610 618 325 1114 174 376 802 867 697 371 502 565 650 94 658 664 218 563 671 245 157 480 956 706 505 427 685 37 351 808 709 356 514 908 576 700 709 287 89 794 861 898 124 580 785 880 245 47 622 539 625 478 831 294 0 470 645 761 113 419 808 513 299 498 474 854 815 752 761 567 795 560 763 127 313 329 864 914 528 856 558 846 759 447 818 565 26 658 415 998
22 413 557 350 466 464 305 396 443 481 640 400 111 499 391 257 85 300 236 492 582 458 206 281 461 536 438 442 444 378 254 553 229 379 647 446 210 356 416 385 317 478 505 406 480 443 544 257 156 358 377 331 285 495 238 463 354 242 433 126 505 240 285 250 443 525 442 584 220 503 527 450 441 350 150 416 442 363 441 372 70 361 102 408 176 470 0 505 604 538 363 347 138 469 168 55 556 379 664 291 448 388 339 306 428 229 362 700 448 319 474 414 429 565 233 371 118 472 308 359 541
490 865 69 556 645 940 599 848 169 815 681 551 452 210 117 575 578 341 707 744 87 953 708 551 557 887 715 384 406 881 727 1034 721 791 919 753 668 767 556 886 762 942 107 141 721 947 1039 572 391 860 401 621 776 652 616 151 817 454 626 541 253 566 727 751 770 1002 157 80 430 729 203 893 805 601 635 339 851 731 656 159 530 176 606 845 512 645 505 0 117 617 821 722 376 380 339 450 275 485 1158 604 79 843 840 704 707 388 316 222 658 817 939 906 455 119 720 777 452 627 289 232 883
591 978 124 673 761 1050 656 923 280 932 786 666 539 308 214 638 681 458 815 780 112 1058 803 668 670 937 831 494 517 975 836 1143 811 905 950 870 778 836 586 978 874 1053 204 206 838 1048 1144 688 476 953 516 738 881 675 687 259 928 516 742 651 237 632 839 853 821 1112 190 59 545 845 176 965 861 718 725 358 916 847 772 236 621 250 706 916 625 761 604 117 0 728 932 785 470 487 436 549 238 518 1264 664 196 920 942 772 824 504 432 105 691 921 1016 1012 474 61 826 844 537 741 349 349 932
519 544 609 193 117 644 836 896 449 343 102 138 613 427 584 788 523 323 507 1025 630 713 662 268 79 1070 238 234 211 780 519 723 708 438 1184 285 475 883 913 799 481 615 525 646 199 767 777 305 607 773 229 258 586 1006 776 469 538 732 138 429 808 771 463 615 980 689 696 673 330 185 786 953 975 219 662 804 965 357 160 622 608 628 562 920 365 113 538 617 728 0 530 883 555 243 532 532 850 855 865 824 542 886 666 840 240 345 312 827 970 634 952 669 878 735 549 899 619 91 680 400 1076
366 50 858 371 415 127 597 479 707 248 616 426 470 740 719 555 279 511 127 750 884 183 278 318 486 704 304 593 580 294 110 219 324 100 857 268 157 523 743 317 61 121 787 749 356 245 252 280 519 298 523 284 118 800 503 732 14 591 392 281 865 541 94 179 661 185 791 899 403 380 882 527 626 325 349 779 576 174 372 715 394 707 278 515 312 419 363 821 932 530 0 559 494 622 513 412 916 722 357 578 750 468 167 514 298 443 567 1034 739 142 496 139 781 903 142 538 476 439 670 616 717
368 603 789 693 804 595 134 172 728 765 985 745 305 793 609 148 368 632 462 195 809 533 281 620 807 189 754 780 784 349 468 652 235 626 309 748 466 65 275 334 546 631 765 586 802 462 598 590 350 326 719 658 441 279 117 742 545 270 771 457 591 156 530 380 104 639 595 789 566 827 641 193 94 685 232 457 131 648 774 563 278 546 335 147 518 808 347 722 785 883 559 0 389 805 430 366 629 307 702 122 694 175 425 47 744 569 690 855 213 434 260 515 377 730 427 65 301 813 437 662 193
129 543 433 390 511 600 299 484 343 578 653 427 85 407 260 257 221 256 368 485 458 595 333 337 476 574 514 404 412 506 388 690 345 497 655 532 337 418 358 510 443 612 392 269 546 578 681 329 51 484 352 402 422 451 272 359 487 177 479 226 371 242 410 387 466 661 304 454 228 566 390 534 482 408 259 296 506 465 495 236 154 224 239 487 241 513 138 376 470 555 494 389 0 426 42 83 422 302 802 293 327 478 476 358 503 211 308 564 420 457 571 552 335 429 369 431 88 508 177 273 575
448 652 367 260 300 748 725 864 211 515 301 222 504 184 366 682 494 173 549 910 388 794 650 304 198 993 402 29 43 803 567 838 686 553 1081 450 509 823 765 817 562 731 284 431 389 825 872 342 474 789 102 348 633 864 689 229 625 596 293 408 592 666 533 639 889 803 478 431 258 388 562 919 899 312 617 614 910 474 325 413 533 423 535 878 344 299 469 380 487 243 622 805 426 0 390 439 630 699 978 719 308 855 713 768 398 240 119 585 840 683 937 746 705 499 582 837 508 275 499 187 996
156 562 394 376 495 623 336 526 301 580 628 408 127 365 224 295 247 224 389 520 419 624 370 329 453 614 508 369 379 542 409 714 383 508 692 530 356 460 383 547 460 633 350 240 537 611 710 326 84 521 322 397 449 479 314 317 507 207 465 237 356 281 426 417 505 685 279 417 211 555 369 576 522 399 298 295 548 471 483 205 193 196 270 529 241 498 168 339 436 532 513 430 42 390 0 113 406 323 830 332 287 520 506 400 498 188 272 533 451 486 613 579 349 398 394 473 130 491 170 232 615
46 461 504 352 471 516 304 434 395 511 633 397 84 453 336 257 137 267 285 494 529 512 259 288 453 556 457 414 418 432 305 606 277 420 656 470 256 384 396 438 363 529 454 351 495 499 599 272 110 411 352 347 339 482 252 414 404 216 439 153 454 240 330 305 456 577 387 529 204 516 474 488 461 360 194 371 472 395 450 317 96 306 157 444 185 474 55 450 549 532 412 366 83 439 113 0 504 351 719 293 395 427 394 329 447 203 327 645 440 374 517 468 395 510 286 398 91 474 258 314 559
551 965 330 744 852 1019 495 788 425 978 927 757 459 479 267 493 640 536 790 580 332 1007 724 716 780 754 894 627 647 886 809 1107 717 915 741 923 759 688 386 883 865 1033 381 204 914 976 1091 722 401 861 622 787 839 462 552 414 908 381 827 643 51 492 831 797 641 1080 155 282 588 927 72 820 690 780 636 173 758 874 852 232 545 230 652 772 642 854 556 275 238 850 916 629 422 630 406 504 0 329 1211 508 327 787 884 629 885 551 539 255 492 869 881 966 269 181 788 693 454 840 248 451 745
387 772 555 692 813 799 176 474 552 860 951 729 269 620 392 191 452 543 598 262 570 763 473 636 776 426 808 682 694 609 613 876 449 754 435 821 581 370 72 601 685 825 559 345 844 713 842 623 253 584 642 697 620 171 255 556 711 136 781 502 297 198 657 565 312 855 334 537 530 865 354 500 362 707 385 163 432 741 796 336 330 319 444 453 535 815 379 485 518 855 722 307 302 699 323 351 329 0 957 193 485 475 641 315 797 511 581 571 174 635 566 731 71 458 581 372 262 811 210 519 419
675 328 1201 725 749 231 795 549 1058 533 939 776 753 1094 1050 768 583 865 453 890 1227 207 490 675 833 770 628 949 936 355 433 143 508 432 934 582 493 643 955 368 417 251 1135 1070 673 244 121 637 812 379 880 635 383 980 704 1082 355 846 732 620 1162 759 449 416 782 177 1106 1238 756 693 1189 569 727 675 580 1055 648 514 706 1036 667 1025 563 588 663 752 664 1158 1264 865 357 702 802 978 830 719 1211 957 0 775 1091 541 328 669 626 794 923 1363 913 345 502 252 1025 1228 438 651 757 776 965 966 786
308 625 671 641 758 637 20 282 622 754 926 688 217 689 493 37 338 547 463 201 691 589 307 572 746 287 725 696 703 422 474 706 273 628 364 727 457 180 179 412 552 667 653 466 769 531 663 548 248 398 640 621 465 222 75 634 565 150 725 415 469 53 529 406 174 688 473 670 497 793 519 312 201 641 228 336 253 634 732 445 223 428 316 264 467 761 291 604 664 824 578 122 293 719 332 293 508 193 775 0 580 283 471 122 714 493 601 733 164 471 375 562 264 608 437 185 211 763 317 563 286
431 793 110 477 567 871 578 808 98 737 609 472 408 153 93 548 517 262 638 736 136 887 654 474 480 867 636 310 331 826 659 965 670 716 913 674 599 734 556 832 690 871 74 149 642 887 973 495 350 805 323 543 710 655 583 87 747 432 547 472 295 538 656 689 751 932 185 152 354 650 257 856 781 523 585 355 820 655 577 149 480 166 547 808 438 567 448 79 196 542 750 694 327 308 287 395 327 485 1091 580 0 803 777 671 628 312 238 300 653 753 897 840 466 193 654 745 409 549 277 154 865
409 503 906 693 791 470 299 11 819 701 987 750 395 879 727 294 368 687 403 350 928 394 225 618 816 244 717 828 827 201 401 511 178 553 405 700 422 110 449 181 473 513 869 715 769 313 446 581 453 184 759 638 353 451 236 836 453 410 759 462 745 295 467 299 241 505 733 916 599 795 791 67 186 672 238 615 113 594 754 688 332 672 327 50 529 795 388 843 920 886 468 175 478 855 520 427 787 475 541 283 803 0 309 160 708 615 750 999 385 328 96 388 546 868 361 114 394 805 573 741 258
351 196 888 488 556 170 491 320 755 413 759 546 425 800 729 457 262 574 165 620 914 124 168 420 611 550 456 684 676 127 150 236 198 263 709 427 205 379 647 150 193 207 827 745 510 113 208 379 484 132 611 409 82 688 396 778 153 523 529 317 834 446 204 89 522 218 780 919 466 535 862 365 480 450 257 729 420 325 514 711 339 700 237 357 373 560 339 840 942 666 167 425 476 713 506 394 884 641 328 471 777 309 0 383 449 499 636 1039 624 32 330 92 706 904 132 392 430 577 637 664 564
327 558 769 649 759 553 139 160 700 718 942 702 273 764 589 137 322 596 415 238 790 494 236 575 765 230 708 743 746 314 421 613 190 580 356 701 420 63 294 301 500 589 741 570 756 427 562 545 323 291 680 612 396 311 88 715 500 257 726 413 588 140 483 335 151 599 583 773 525 781 636 194 135 639 186 456 149 601 728 545 237 529 289 145 475 763 306 704 772 840 514 47 358 768 400 329 629 315 669 122 671 160 383 0 697 531 655 847 245 390 253 474 386 719 381 74 270 769 424 631 236
415 306 721 152 123 406 730 719 554 117 319 176 530 561 636 682 379 366 306 912 746 480 485 170 217 919 11 374 355 571 312 483 535 201 1053 52 286 729 842 592 256 375 639 687 62 541 539 175 548 568 321 101 374 922 652 579 308 662 111 301 836 665 248 415 847 450 736 777 297 88 832 773 829 106 512 793 801 125 82 655 492 655 409 748 263 127 428 707 824 240 298 744 503 398 498 447 885 797 626 714 628 708 449 697 0 334 397 928 874 418 760 437 838 813 349 745 537 151 667 475 928
207 485 417 196 311 568 502 623 264 434 442 221 276 302 304 456 258 76 343 691 443 596 414 168 266 758 344 213 216 575 363 661 448 404 856 375 302 584 569 587 383 563 344 352 364 611 679 184 263 559 149 239 423 663 455 288 442 389 282 182 503 439 349 417 658 628 401 464 42 379 497 679 664 229 377 472 671 343 304 321 294 321 298 637 131 313 229 388 504 345 443 569 211 240 188 203 551 511 794 493 312 615 499 531 334 0 140 608 629 470 698 547 536 486 368 599 282 305 345 172 762
341 605 325 245 329 694 607 758 157 510 392 234 387 173 272 564 399 64 477 791 349 729 554 260 244 878 404 101 115 715 496 787 586 514 963 446 436 711 647 727 507 684 242 335 406 749 811 290 356 699 85 321 559 745 574 182 568 477 310 321 497 549 474 556 772 753 384 382 171 413 474 812 784 295 512 504 799 443 340 312 422 319 438 770 264 329 362 316 432 312 567 690 308 119 272 327 539 581 923 601 238 750 636 655 397 140 0 536 722 607 835 680 591 430 505 725 392 311 386 88 880
688 1080 218 777 864 1151 723 1001 382 1037 881 770 628 403 315 710 779 563 916 829 199 1156 895 773 772 996 936 594 617 1066 936 1243 900 1009 994 975 879 909 634 1068 977 1155 302 295 942 1142 1242 792 565 1043 619 843 980 715 763 360 1030 590 846 753 275 706 942 950 881 1213 268 155 650 949 217 1040 926 823 814 408 986 952 876 328 712 340 802 991 729 864 700 222 105 827 1034 855 564 585 533 645 255 571 1363 733 300 999 1039 847 928 608 536 0 740 1018 1095 1111 518 135 925 916 625 844 427 454 989
463 787 727 792 911 792 146 380 713 917 1070 836 357 781 560 193 501 675 627 89 743 738 465 726 891 267 885 820 830 559 638 856 426 792 261 889 621 276 106 545 715 825 727 517 928 672 807 705 369 535 772 779 625 66 236 720 726 244 878 573 466 210 693 565 166 841 508 711 640 951 524 388 226 797 391 334 309 797 887 505 382 488 479 349 621 914 448 658 691 970 739 213 420 840 451 440 492 174 913 164 653 385 624 245 874 629 722 740 0 627 462 715 223 631 599 271 351 914 375 669 257
330 175 863 455 524 166 491 339 729 385 727 514 410 772 707 455 239 545 134 628 889 138 164 388 579 567 425 653 644 155 118 242 201 235 723 397 174 391 645 178 162 199 802 725 478 142 224 347 468 157 581 377 50 690 396 752 127 513 497 289 819 442 172 72 532 220 761 896 436 504 845 386 493 417 251 717 437 294 482 691 325 681 218 376 343 528 319 817 921 634 142 434 457 683 486 374 869 635 345 471 753 328 32 390 418 470 607 1018 627 0 355 97 700 884 103 405 415 545 622 637 580
495 524 1001 761 852 474 390 94 911 740 1051 819 489 970 822 389 445 772 453 413 1024 388 292 686 886 269 768 909 908 205 448 498 252 589 432 746 479 196 535 181 513 519 963 811 821 299 423 647 549 198 840 699 391 526 332 929 482 506 821 537 840 390 513 345 304 497 829 1012 680 847 886 74 244 735 324 709 157 641 813 784 423 768 404 114 604 856 474 939 1016 952 496 260 571 937 613 517 881 566 502 375 897 96 330 253 760 698 835 1095 462 355 0 394 636 965 411 195 489 868 669 831 286
424 143 950 504 553 82 583 399 810 379 755 560 507 849 798 548 332 620 204 710 976 49 259 444 622 632 443 717 706 191 184 145 290 237 792 406 245 466 739 214 190 126 885 819 494 110 133 404 565 205 645 418 131 779 488 833 130 611 530 370 916 537 214 170 610 126 856 986 511 519 941 439 565 459 347 814 501 313 511 784 423 774 314 438 417 558 414 906 1012 669 139 515 552 746 579 468 966 731 252 562 840 388 92 474 437 547 680 1111 715 97 394 0 796 977 186 479 512 578 718 718 645
434 831 524 724 844 863 247 545 542 906 971 756 318 610 375 261 507 559 655 312 536 830 539 672 800 486 848 691 706 678 671 941 517 808 477 864 636 440 117 671 742 886 538 320 882 782 909 663 289 653 658 737 682 201 325 544 770 190 813 548 243 267 712 629 374 919 300 499 559 901 303 569 427 744 449 118 500 790 830 318 387 302 502 523 575 846 429 455 474 878 781 377 335 705 349 395 269 71 1025 264 466 546 706 386 838 536 591 518 223 700 636 796 0 413 641 442 311 840 206 521 477
554 950 156 664 759 1018 599 871 288 918 800 663 493 327 184 583 645 448 783 720 153 1022 760 653 673 879 822 502 524 931 804 1110 765 882 890 858 747 781 525 933 846 1024 223 160 832 1007 1108 669 430 908 515 723 846 614 633 270 898 461 738 621 177 578 811 815 762 1080 136 101 527 841 117 912 804 707 679 297 860 828 767 193 577 205 667 863 601 759 565 119 61 735 903 730 429 499 398 510 181 458 1228 608 193 868 904 719 813 486 430 135 631 884 965 977 413 0 791 789 491 741 296 344 873
240 192 764 363 443 231 456 372 627 343 645 422 334 669 612 414 149 443 43 614 790 233 147 293 488 585 358 552 545 232 41 320 197 200 731 339 75 397 601 251 120 248 701 634 411 244 319 252 387 225 480 292 56 659 363 650 130 451 414 186 738 399 107 67 530 292 672 799 334 437 759 426 501 330 208 644 461 233 403 599 255 590 139 404 241 447 233 720 826 549 142 427 369 582 394 286 788 581 438 437 654 361 132 381 349 368 505 925 599 103 411 186 641 791 0 413 340 462 541 535 596
392 578 843 707 814 560 198 109 774 756 1002 762 346 838 663 206 377 665 451 238 864 492 266 633 825 174 755 811 814 302 454 611 216 612 320 744 461 16 340 285 532 600 815 643 805 416 552 600 397 281 747 665 419 337 162 789 523 328 781 470 654 212 519 360 132 601 654 846 591 830 704 128 89 694 238 521 75 642 781 619 305 602 340 81 535 818 371 777 844 899 538 65 431 837 473 398 693 372 651 185 745 114 392 74 745 599 725 916 271 405 195 479 442 789 413 0 343 825 495 703 184
124 527 512 442 562 570 219 399 430 597 720 486 7 494 335 174 198 337 349 408 536 552 273 380 540 487 548 485 492 441 367 655 275 497 575 559 326 331 305 442 433 588 476 332 586 524 637 363 61 418 429 438 388 391 184 446 467 126 529 239 405 158 402 343 381 629 359 527 289 608 435 448 394 451 189 304 418 480 541 301 91 287 201 401 276 565 118 452 537 619 476 301 88 508 130 91 454 262 757 211 409 394 430 270 537 282 392 625 351 415 489 512 311 491 340 343 0 564 208 361 489
454 453 629 122 29 553 776 816 462 260 183 84 557 454 577 728 448 304 420 964 651 622 581 193 78 997 150 257 235 692 430 633 628 347 1118 199 390 809 865 712 390 525 544 636 119 677 686 226 559 686 226 170 497 954 709 485 447 682 48 356 794 710 373 528 912 599 686 690 281 114 779 872 904 134 587 776 888 266 69 608 542 612 485 841 296 26 472 627 741 91 439 813 508 275 491 474 840 811 776 763 549 805 577 769 151 305 311 844 914 545 868 578 840 741 462 825 564 0 649 398 1004
304 719 358 540 656 772 311 576 342 750 770 565 212 410 185 290 393 357 543 459 376 760 481 497 603 598 677 486 501 647 562 860 479 674 636 700 514 487 281 647 620 786 351 149 704 733 845 496 154 623 455 566 591 381 338 347 662 167 627 402 198 283 587 550 481 832 160 353 375 721 227 616 517 566 395 127 567 640 648 131 299 114 404 567 411 658 308 289 349 680 670 437 177 499 170 258 248 210 965 317 277 573 637 424 667 345 386 427 375 622 669 718 206 296 541 495 208 649 0 315 594
339 656 250 324 415 740 566 748 92 585 477 319 358 140 185 527 412 111 513 744 276 766 562 325 332 847 482 178 196 730 534 834 588 573 919 522 473 690 587 740 555 735 173 248 489 776 850 349 315 712 173 392 591 687 545 116 614 428 394 349 410 513 521 579 736 800 297 303 212 497 386 800 755 370 508 427 778 507 423 227 409 236 448 755 304 415 359 232 349 400 616 662 273 187 232 314 451 519 966 563 154 741 664 631 475 172 88 454 669 637 831 718 521 344 535 703 361 398 315 0 847
561 755 952 884 994 728 287 247 908 939 1178 938 493 975 776 321 557 824 634 175 970 652 449 811 1000 16 938 972 977 458 637 768 399 794 148 928 645 200 360 437 714 769 938 743 987 568 700 780 533 441 911 846 599 305 308 920 702 433 961 648 716 334 702 540 114 762 743 944 759 1013 772 217 100 874 418 581 145 825 962 725 471 708 521 208 711 998 541 883 932 1076 717 193 575 996 615 559 745 419 786 286 865 258 564 236 928 762 880 989 257 580 286 645 477 873 596 184 489 1004 594 847 0
