16 4
0 416 541 332 450 470 322 417 424 473 620 381 117 479 377 273 92
416 0 901 397 427 100 645 514 748 237 624 448 520 778 766 604 329
541 901 0 570 650 980 667 910 168 833 664 557 512 185 180 641 627
332 397 570 0 120 495 653 703 403 265 295 59 435 412 489 605 330
450 427 650 120 0 527 771 801 482 232 204 96 555 476 592 723 437
470 100 980 495 527 0 657 481 832 330 724 548 564 866 836 620 380
322 645 667 653 771 657 0 298 622 771 937 700 225 690 490 48 355
417 514 910 703 801 481 298 0 825 713 997 761 400 886 731 295 378
424 748 168 403 482 832 622 825 0 667 512 390 428 69 172 587 501
473 237 833 265 232 330 771 713 667 0 407 293 590 677 737 724 417
620 624 664 295 204 724 937 997 512 407 0 240 713 479 661 890 625
381 448 557 59 96 548 700 761 390 293 240 0 479 389 495 653 386
117 520 512 435 555 564 225 400 428 590 713 479 0 492 335 180 191
479 778 185 412 476 866 690 886 69 677 479 389 492 0 237 654 550
377 766 180 489 592 836 490 731 172 737 661 495 335 237 0 462 467
273 604 641 605 723 620 48 295 587 724 890 653 180 654 462 0 308
92 329 627 330 437 380 355 378 501 417 625 386 191 550 467 308 0
