80 8
0 416 541 332 450 470 322 417 424 473 620 381 117 479 377 273 92 278 239 510 566 468 225 264 441 556 426 421 422 396 259 561 249 376 666 435 210 377 427 404 317 483 487 395 466 457 554 243 154 376 355 317 293 508 257 444 358 250 416 115 500 256 285 262 462 532 432 569 199 488 520 472 461 334 171 416 464 355 425 361 90
416 0 901 397 427 100 645 514 748 237 624 448 520 778 766 604 329 551 177 795 927 178 324 350 506 742 310 624 610 319 160 186 368 106 898 269 206 564 792 343 103 80 829 797 360 253 233 315 569 327 555 308 162 847 551 772 61 641 407 328 915 590 138 223 704 151 840 944 444 383 931 560 667 348 397 829 613 188 384 763 444
541 901 0 570 650 980 667 910 168 833 664 557 512 185 180 641 627 361 748 814 26 998 763 574 555 955 729 376 399 935 769 1074 778 821 988 769 709 832 626 941 798 979 85 210 730 997 1083 598 452 914 405 641 820 721 681 144 855 521 633 582 314 632 764 800 838 1041 225 65 459 735 260 957 872 618 692 407 917 757 664 227 587
332 397 570 0 120 495 653 703 403 265 295 59 435 412 489 605 330 216 324 842 594 551 470 75 126 878 159 233 216 595 338 583 515 295 996 200 288 691 744 613 315 475 487 543 170 594 624 113 440 586 173 90 406 833 588 427 377 562 89 236 697 588 290 428 791 548 593 626 165 183 688 759 784 53 469 667 772 215 108 513 420
450 427 650 120 0 527 771 801 482 232 204 96 555 476 592 723 437 317 401 959 673 597 566 186 104 987 122 281 259 673 410 606 614 321 1110 171 372 798 865 693 367 498 565 649 91 654 660 215 560 667 245 153 476 953 702 505 423 683 33 347 806 706 352 510 904 572 699 710 284 88 793 857 894 120 577 783 876 241 43 620 536
470 100 980 495 527 0 657 481 832 330 724 548 564 866 836 620 380 637 235 789 1006 92 330 444 606 714 410 719 706 273 215 94 366 206 874 368 272 547 811 295 187 47 911 862 459 181 133 407 618 287 649 406 182 856 562 856 126 675 508 400 969 608 220 234 691 62 902 1020 529 481 990 521 647 447 415 874 583 288 484 828 482
322 645 667 653 771 657 0 298 622 771 937 700 225 690 490 48 355 555 482 190 686 610 327 586 757 289 741 703 710 442 494 726 293 647 356 743 475 195 159 432 571 688 651 460 784 551 683 563 252 418 648 636 485 203 95 634 585 146 738 430 457 65 548 426 173 708 465 663 507 808 508 326 206 655 248 322 264 651 746 440 238
417 514 910 703 801 481 298 0 825 713 997 761 400 886 731 295 378 695 414 343 933 405 236 628 826 233 728 836 836 211 412 521 188 564 395 711 433 106 447 191 484 523 875 719 780 322 456 591 458 194 768 649 364 446 238 843 465 412 770 472 746 296 479 310 233 515 736 920 608 806 792 56 178 682 247 615 103 606 765 692 339
424 748 168 403 482 832 622 825 0 667 512 390 428 69 172 587 501 199 605 792 192 858 648 412 390 908 561 215 237 818 626 926 672 663 969 603 565 761 622 827 647 827 85 236 562 867 942 439 378 799 238 477 683 722 613 25 706 479 466 441 391 575 613 670 795 892 278 227 304 568 355 876 819 452 589 436 849 595 497 227 488
473 237 833 265 232 330 771 713 667 0 407 293 590 677 737 724 417 475 305 945 858 414 489 266 331 928 114 492 472 540 302 394 540 151 1072 66 299 740 897 563 228 292 752 785 145 489 461 256 619 543 437 195 350 970 685 691 261 723 227 358 928 708 236 403 868 363 833 887 393 162 928 764 843 215 535 873 804 120 195 752 538
620 624 664 295 204 724 937 997 512 407 0 240 713 479 661 890 625 413 603 1126 682 798 763 370 180 1172 314 301 281 876 613 798 809 520 1286 357 573 985 1011 895 570 691 582 725 266 857 857 406 705 870 315 354 680 1104 878 530 625 831 231 531 887 873 555 712 1082 765 773 729 430 246 860 1053 1078 316 764 893 1067 442 246 703 710
381 448 557 59 96 548 700 761 390 293 240 0 479 389 495 653 386 221 383 889 581 607 528 133 66 932 181 199 179 654 396 633 573 344 1047 228 348 746 784 672 370 525 473 553 173 652 678 172 477 645 152 142 464 875 638 413 432 602 76 292 711 635 347 487 843 599 603 616 199 178 697 817 837 101 525 691 828 263 107 525 470
117 520 512 435 555 564 225 400 428 590 713 479 0 492 335 180 191 332 343 414 536 548 270 373 534 492 540 480 487 438 360 650 272 490 581 552 320 333 312 440 426 582 475 334 579 521 633 356 63 415 424 430 382 398 188 444 461 133 522 232 409 164 396 338 386 624 362 528 283 600 439 449 398 444 186 310 421 472 534 303 86
479 778 185 412 476 866 690 886 69 677 479 389 492 0 237 654 550 229 645 861 204 898 702 433 378 975 567 197 219 869 665 959 727 687 1037 611 604 825 691 879 679 857 105 299 562 912 981 464 444 851 239 492 724 791 678 67 740 547 464 483 448 641 646 716 862 925 338 250 338 564 407 938 885 463 647 502 913 615 496 293 547
377 766 180 489 592 836 490 731 172 737 661 495 335 237 0 462 467 275 601 644 202 844 593 472 515 778 645 361 380 766 622 929 604 698 821 678 564 652 463 770 663 841 167 65 659 835 930 486 274 744 356 543 667 562 501 170 715 343 568 438 226 453 628 639 662 898 112 194 345 670 202 777 694 530 518 265 737 644 595 57 413
273 604 641 605 723 620 48 295 587 724 890 653 180 654 462 0 308 511 438 237 662 578 290 537 710 321 693 659 666 418 450 693 261 602 401 696 430 199 191 410 527 649 620 438 736 524 654 514 212 393 603 588 445 247 65 600 543 122 690 382 451 17 503 388 209 673 448 642 460 759 499 330 233 607 207 320 278 605 698 415 190
92 329 627 330 437 380 355 378 501 417 625 386 191 550 467 308 0 334 152 534 653 377 156 255 450 550 389 466 463 318 170 469 193 302 676 389 129 361 483 329 235 393 569 486 436 370 463 223 240 301 395 290 202 554 273 522 270 317 404 94 590 292 205 173 470 441 524 658 236 460 611 434 457 317 140 500 442 297 406 452 123
278 551 361 216 317 637 555 695 199 475 413 221 332 229 275 511 334 0 417 741 386 669 490 214 248 821 374 149 156 651 436 730 522 464 911 412 375 651 605 663 451 630 282 332 385 687 752 240 306 635 99 281 497 702 516 224 511 431 293 258 491 495 417 493 717 697 382 413 110 395 476 750 726 261 449 481 738 397 320 304 361
239 177 748 324 401 235 482 414 605 305 603 383 343 645 601 438 152 417 0 646 774 253 185 255 449 624 315 520 511 273 21 328 235 166 768 297 41 435 623 292 89 244 682 628 368 276 337 214 392 266 447 250 84 685 391 629 119 466 372 166 739 423 68 109 565 297 668 786 307 394 757 468 538 289 237 652 501 192 361 593 269
510 795 814 842 959 789 190 343 792 945 1126 889 414 861 644 237 534 741 646 0 830 727 472 773 947 187 923 889 897 539 655 846 428 812 176 922 646 248 196 523 733 826 810 603 968 654 789 748 436 518 836 820 633 130 261 801 737 317 926 615 555 254 714 572 110 834 596 799 697 992 614 339 170 842 410 423 256 826 933 590 424
566 927 26 594 673 1006 686 933 192 858 682 581 536 204 202 662 653 386 774 830 0 1024 788 600 578 974 753 398 420 960 795 1100 802 847 1004 794 735 854 640 966 824 1005 108 227 754 1023 1109 624 475 939 429 667 846 735 702 168 882 541 657 608 319 653 790 825 857 1067 237 54 485 759 263 979 892 643 716 419 938 783 688 246 611
468 178 998 551 597 92 610 405 858 414 798 607 548 898 844 578 377 669 253 727 1024 0 291 492 668 637 485 765 754 194 233 119 317 278 800 446 294 481 767 215 236 139 933 863 535 90 86 452 606 212 693 465 177 803 516 882 175 646 575 418 957 567 262 210 624 110 899 1032 559 559 983 440 577 506 381 853 507 356 554 829 462
225 324 763 470 566 330 327 236 648 489 763 528 270 702 593 290 156 490 185 472 788 291 0 395 594 439 494 621 618 173 188 404 50 347 585 480 199 250 481 179 266 361 712 600 546 252 372 357 332 152 551 413 161 527 231 669 265 356 534 245 676 278 253 101 384 383 631 787 392 572 708 291 354 447 90 565 317 377 529 568 184
264 350 574 75 186 444 586 628 412 266 370 133 373 433 472 537 255 214 255 773 600 492 395 0 200 804 180 275 262 523 270 535 440 255 925 208 218 616 684 541 258 430 496 520 210 529 569 41 384 514 205 72 338 770 517 437 321 503 153 163 667 520 230 356 719 500 569 626 128 229 664 684 710 72 395 624 697 184 162 488 350
441 506 555 126 104 606 757 826 390 331 180 66 534 378 515 710 450 248 449 947 578 668 594 200 0 994 218 181 159 720 462 690 639 401 1107 268 414 809 834 738 433 581 471 576 195 716 737 239 527 712 159 204 530 927 698 412 493 653 105 356 736 693 411 553 903 656 626 617 251 191 717 883 900 163 589 728 892 319 136 550 531
556 742 955 878 987 714 289 233 908 928 1172 932 492 975 778 321 550 821 624 187 974 637 439 804 994 0 929 969 973 444 626 753 389 783 164 918 635 190 369 423 703 756 940 747 979 553 684 772 532 427 908 838 587 317 305 921 690 435 954 641 723 334 692 529 117 748 748 949 755 1004 779 202 95 867 410 588 131 815 954 728 467
426 310 729 159 122 410 741 728 561 114 314 181 540 567 645 693 389 374 315 923 753 485 494 180 218 929 0 379 359 579 320 486 544 206 1063 49 295 739 852 600 264 378 646 696 53 548 543 186 559 577 328 112 381 933 662 585 314 673 113 312 846 676 256 424 857 452 745 785 307 79 841 782 839 115 522 803 811 132 82 664 503
421 624 376 233 281 719 703 836 215 492 301 199 480 197 361 659 466 149 520 889 398 765 621 275 181 969 379 0 23 774 537 809 658 525 1059 426 479 797 747 788 533 703 292 425 368 795 843 313 453 760 73 321 603 845 664 235 596 576 271 379 587 643 504 610 865 775 473 439 230 369 559 892 874 286 590 602 884 447 304 405 507
422 610 399 216 259 706 710 836 237 472 281 179 487 219 380 666 463 156 511 897 420 754 618 262 159 973 359 23 0 768 528 796 656 510 1067 407 471 799 759 783 521 689 314 445 347 787 831 302 462 755 68 305 594 857 669 257 583 586 251 375 606 650 492 603 871 761 493 462 228 347 580 892 879 269 590 619 886 431 283 424 509
396 319 935 595 673 273 442 211 818 540 876 654 438 869 766 418 318 651 273 539 960 194 173 523 720 444 579 774 768 0 262 311 168 390 606 552 306 292 601 23 317 317 883 771 632 114 250 483 501 25 702 523 197 625 353 839 280 508 644 396 839 411 323 167 434 304 800 959 547 658 874 248 384 561 252 721 314 448 632 739 354
259 160 769 338 410 215 494 412 626 302 613 396 360 665 622 450 170 436 21 655 795 233 188 270 462 626 320 537 528 262 0 307 238 159 773 299 61 439 636 282 79 224 702 648 373 259 317 229 410 257 465 261 68 696 401 649 100 481 382 187 758 436 66 104 571 276 688 806 327 399 777 465 542 301 247 670 502 194 370 613 284
561 186 1074 583 606 94 726 521 926 394 798 633 650 959 929 693 469 730 328 846 1100 119 404 535 690 753 486 809 796 311 307 0 433 289 916 440 366 599 883 331 280 108 1005 954 531 200 85 499 706 330 740 493 268 921 632 950 219 756 589 493 1057 682 313 314 743 35 993 1113 622 552 1080 554 695 533 492 958 624 371 564 919 566
249 368 778 515 614 366 293 188 672 540 809 573 272 727 604 261 193 522 235 428 802 317 50 440 639 389 544 658 656 168 238 433 0 396 535 531 249 201 451 168 315 400 731 606 596 265 393 403 335 144 588 462 206 490 199 691 311 341 582 286 670 251 303 145 337 416 633 798 428 621 706 244 305 495 86 553 267 427 578 575 191
376 106 821 295 321 206 647 564 663 151 520 344 490 687 698 602 302 464 166 812 847 278 347 255 401 783 206 525 510 390 159 289 396 0 931 169 174 597 784 412 81 181 745 735 257 344 339 224 530 392 458 205 200 849 557 687 112 619 302 272 864 587 99 255 730 255 780 868 362 281 874 615 701 244 403 791 657 82 278 701 425
666 898 988 996 1110 874 356 395 969 1072 1286 1047 581 1037 821 401 676 911 768 176 1004 800 585 925 1107 164 1063 1059 1067 606 773 916 535 931 0 1057 775 335 365 585 851 915 987 778 1111 716 848 897 608 588 1004 966 739 278 409 977 843 492 1077 763 720 417 837 679 207 910 769 971 859 1136 780 365 231 991 541 592 292 956 1081 766 577
435 269 769 200 171 368 743 711 603 66 357 228 552 611 678 696 389 412 297 922 794 446 480 208 268 918 49 426 407 552 299 440 531 169 1057 0 283 728 862 574 235 334 688 727 91 513 501 204 575 551 372 136 356 939 661 627 280 685 162 320 874 679 233 403 851 408 776 824 336 114 872 764 830 152 516 825 797 105 132 695 507
210 206 709 288 372 272 475 433 565 299 573 348 320 604 564 430 129 375 41 646 735 294 199 218 414 635 295 479 471 306 61 366 249 174 775 283 0 445 610 325 107 277 641 593 347 316 377 177 364 298 407 220 124 677 387 589 151 446 342 127 709 414 76 140 570 334 634 747 266 373 725 488 547 257 236 626 516 181 334 558 251
377 564 832 691 798 547 195 106 761 740 985 746 333 825 652 199 361 651 435 248 854 481 250 616 809 190 739 797 799 292 439 599 201 597 335 728 445 0 340 275 516 586 804 634 788 406 541 584 385 270 732 648 404 342 151 776 509 320 765 454 649 203 503 344 144 589 646 837 575 814 697 132 104 678 222 516 88 626 765 609 290
427 792 626 744 865 811 159 447 622 897 1011 784 312 691 463 191 483 605 623 196 640 767 481 684 834 369 852 747 759 601 636 883 451 784 365 862 610 340 0 591 711 840 630 416 891 710 842 668 307 577 704 743 635 100 252 627 731 182 832 542 359 203 685 578 259 864 404 607 585 913 418 465 315 756 397 228 392 777 845 407 360
404 343 941 613 693 295 432 191 827 563 895 672 440 879 770 410 329 663 292 523 966 215 179 541 738 423 600 788 783 23 282 331 168 412 585 574 325 275 591 0 339 340 891 774 653 132 267 500 503 28 716 542 219 611 345 848 303 504 664 409 837 404 344 185 416 325 801 964 560 679 873 226 365 581 254 717 293 470 652 742 357
317 103 798 315 367 187 571 484 647 228 570 370 426 679 663 527 235 451 89 733 824 236 266 258 433 703 264 533 521 317 79 280 315 81 851 235 107 516 711 339 0 180 727 694 317 287 310 220 471 317 463 229 122 773 479 671 63 552 342 225 814 512 35 175 650 246 737 841 343 342 829 536 620 270 325 733 577 132 325 660 355
483 80 979 475 498 47 688 523 827 292 691 525 582 857 841 649 393 630 244 826 1005 139 361 430 581 756 378 703 689 317 224 108 400 181 915 334 277 586 840 340 180 0 907 870 425 227 169 394 633 330 635 386 205 888 592 851 126 697 481 402 983 636 215 262 729 74 911 1021 523 447 1001 564 687 425 443 892 625 263 456 835 502
487 829 85 487 565 911 651 875 85 752 582 473 475 105 167 620 569 282 682 810 108 933 712 496 471 940 646 292 314 883 702 1005 731 745 987 688 641 804 630 891 727 907 0 219 646 938 1018 522 419 863 321 561 757 729 653 60 785 505 549 516 355 610 693 740 824 972 249 148 385 651 309 924 853 536 647 425 890 679 580 223 543
395 797 210 543 649 862 460 719 236 785 725 553 334 299 65 438 486 332 628 603 227 863 600 520 576 747 696 425 445 771 648 954 606 735 778 727 593 634 416 774 694 870 219 0 713 847 949 530 271 749 417 591 688 513 483 232 744 316 624 469 162 431 660 656 630 924 50 204 391 725 145 762 666 581 520 206 715 687 650 35 417
466 360 730 170 91 459 784 780 562 145 266 173 579 562 659 736 436 385 368 968 754 535 546 210 195 979 53 368 347 632 373 531 596 257 1111 91 347 788 891 653 317 425 646 713 0 600 591 223 593 630 325 149 435 974 708 586 366 710 98 354 866 719 309 476 905 499 763 789 330 26 858 835 888 138 571 831 862 185 66 682 546
457 253 997 594 654 181 551 322 867 489 857 652 521 912 835 524 370 687 276 654 1023 90 252 529 716 553 548 795 787 114 259 200 265 344 716 513 316 406 710 132 287 227 938 847 600 0 136 488 582 137 723 513 192 738 460 890 234 605 629 429 928 515 305 198 548 198 880 1027 578 625 959 354 497 553 341 816 424 416 612 814 434
554 233 1083 624 660 133 683 456 942 461 857 678 633 981 930 654 463 752 337 789 1109 86 372 569 737 684 543 843 831 250 317 85 393 339 848 501 377 541 842 267 310 169 1018 949 591 136 0 530 691 272 772 536 263 873 591 966 248 728 640 503 1042 644 339 295 683 104 985 1118 642 614 1069 483 632 576 462 936 557 420 617 915 547
243 315 598 113 215 407 563 591 439 256 406 172 356 464 486 514 223 240 214 748 624 452 357 41 239 772 186 313 302 483 229 499 403 224 897 204 177 584 668 500 220 394 522 530 223 488 530 0 374 473 242 75 297 751 490 463 283 488 182 134 673 497 191 316 690 464 578 647 142 246 674 648 679 95 362 621 663 160 185 497 325
154 569 452 440 560 618 252 458 378 619 705 477 63 444 274 212 240 306 392 436 475 606 332 384 527 532 559 453 462 501 410 706 335 530 608 575 364 385 307 503 471 633 419 271 593 582 691 374 0 478 403 448 438 400 235 392 510 126 528 262 352 198 439 397 422 679 299 466 278 613 378 506 441 456 249 262 472 504 543 240 148
376 327 914 586 667 287 418 194 799 543 870 645 415 851 744 393 301 635 266 518 939 212 152 514 712 427 577 760 755 25 257 330 144 392 588 551 298 270 577 28 317 330 863 749 630 137 272 473 478 0 688 516 196 602 329 820 284 484 638 381 815 386 321 158 413 322 777 938 532 656 850 235 365 554 229 696 297 447 627 717 332
355 555 405 173 245 649 648 768 238 437 315 152 424 239 356 603 395 99 447 836 429 693 551 205 159 908 328 73 68 702 465 740 588 458 1004 372 407 732 704 716 463 635 321 417 325 723 772 242 403 688 0 257 531 801 604 261 525 528 228 307 579 587 433 537 807 706 467 465 160 330 558 824 813 225 522 578 819 382 259 393 443
317 308 641 90 153 406 636 649 477 195 354 142 430 492 543 588 290 281 250 820 667 465 413 72 204 838 112 321 305 523 261 493 462 205 966 136 220 648 743 542 229 386 561 591 149 513 536 75 448 516 257 0 328 825 561 501 290 563 122 206 738 570 207 358 760 459 640 694 200 172 736 705 746 41 428 692 725 126 117 559 398
293 162 820 406 476 182 485 364 683 350 680 464 382 724 667 445 202 497 84 633 846 177 161 338 530 587 381 603 594 197 68 268 206 200 739 356 124 404 635 219 122 205 757 688 435 192 263 297 438 196 531 328 0 687 390 706 104 493 449 242 789 432 126 61 543 241 726 855 388 461 812 415 508 368 238 692 459 251 435 654 300
508 847 721 833 953 856 203 446 722 970 1104 875 398 791 562 247 554 702 685 130 735 803 527 770 927 317 933 845 857 625 696 921 490 849 278 939 677 342 100 611 773 888 729 513 974 738 873 751 400 602 801 825 687 0 297 727 787 274 920 621 442 263 750 627 226 905 498 699 676 996 503 452 287 841 450 318 372 850 931 506 433
257 551 681 588 702 562 95 238 613 685 878 638 188 678 501 65 273 516 391 261 702 516 231 517 698 305 662 664 669 353 401 632 199 557 409 661 387 151 252 345 479 592 653 483 708 460 591 490 235 329 604 561 390 297 0 627 490 174 669 356 509 60 458 331 205 613 498 686 453 732 554 279 211 584 155 381 237 566 674 458 168
444 772 144 427 505 856 634 843 25 691 530 413 444 67 170 600 522 224 629 801 168 882 669 437 412 921 585 235 257 839 649 950 691 687 977 627 589 776 627 848 671 851 60 232 586 890 966 463 392 820 261 501 706 727 627 0 731 489 489 464 382 588 637 692 807 917 271 205 328 591 343 893 832 476 608 436 864 620 520 227 506
358 61 855 377 423 126 585 465 706 261 625 432 461 740 715 543 270 511 119 737 882 175 265 321 493 690 314 596 583 280 100 219 311 112 843 280 151 509 731 303 63 126 785 744 366 234 248 283 510 284 525 290 104 787 490 731 0 580 400 277 858 529 94 165 647 186 785 896 403 391 875 513 612 331 337 770 561 183 380 709 384
250 641 521 562 683 675 146 412 479 723 831 602 133 547 343 122 317 431 466 317 541 646 356 503 653 435 673 576 586 508 481 756 341 619 492 685 446 320 182 504 552 697 505 316 710 605 728 488 126 484 528 563 493 274 174 489 580 0 650 365 337 117 523 442 320 732 326 520 403 731 380 451 351 574 266 213 400 605 664 294 197
416 407 633 89 33 508 738 770 466 227 231 76 522 464 568 690 404 293 372 926 657 575 534 153 105 954 113 271 251 644 382 589 582 302 1077 162 342 765 832 664 342 481 549 624 98 629 640 182 528 638 228 122 449 920 669 489 400 650 0 314 780 673 325 480 871 555 674 692 254 103 769 826 861 88 544 754 844 220 33 595 502
115 328 582 236 347 400 430 472 441 358 531 292 232 483 438 382 94 258 166 615 608 418 245 163 356 641 312 379 375 396 187 493 286 272 763 320 127 454 542 409 225 402 516 469 354 429 503 134 262 381 307 206 242 621 356 464 277 365 314 0 593 365 191 235 557 461 512 620 152 378 604 528 548 228 233 521 536 242 318 434 192
500 915 314 697 806 969 457 746 391 928 887 711 409 448 226 451 590 491 739 555 319 957 676 667 736 723 846 587 606 839 758 1057 670 864 720 874 709 649 359 837 814 983 355 162 866 928 1042 673 352 815 579 738 789 442 509 382 858 337 780 593 0 450 780 748 609 1030 114 273 539 880 61 781 656 731 588 136 721 824 805 187 496
256 590 632 588 706 608 65 296 575 708 873 635 164 641 453 17 292 495 423 254 653 567 278 520 693 334 676 643 650 411 436 682 251 587 417 679 414 203 203 404 512 636 610 431 719 515 644 497 198 386 587 570 432 263 60 588 529 117 673 365 450 0 487 375 224 662 443 634 443 742 496 334 244 590 194 321 285 588 681 407 173
285 138 764 290 352 220 548 479 613 236 555 347 396 646 628 503 205 417 68 714 790 262 253 230 411 692 256 504 492 323 66 313 303 99 837 233 76 503 685 344 35 215 693 660 309 305 339 191 439 321 433 207 126 750 458 637 94 523 325 191 780 487 0 170 634 279 703 806 309 335 794 532 607 248 304 701 568 128 310 625 327
262 223 800 428 510 234 426 310 670 403 712 487 338 716 639 388 173 493 109 572 825 210 101 356 553 529 424 610 603 167 104 314 145 255 679 403 140 344 578 185 175 262 740 656 476 198 295 316 397 158 537 358 61 627 331 692 165 442 480 235 748 375 170 0 482 290 691 830 386 503 774 362 448 396 181 645 402 297 470 622 253
462 704 838 791 904 691 173 233 795 868 1082 843 386 862 662 209 470 717 565 110 857 624 384 719 903 117 857 865 871 434 571 743 337 730 207 851 570 144 259 416 650 729 824 630 905 548 683 690 422 413 807 760 543 226 205 807 647 320 871 557 609 224 634 482 0 732 631 832 658 929 664 230 61 785 335 473 147 752 875 611 372
532 151 1041 548 572 62 708 515 892 363 765 599 624 925 898 673 441 697 297 834 1067 110 383 500 656 748 452 775 761 304 276 35 416 255 910 408 334 589 864 325 246 74 972 924 499 198 104 464 679 322 706 459 241 905 613 917 186 732 555 461 1030 662 279 290 732 0 963 1081 589 520 1051 550 686 498 470 933 618 337 530 889 541
432 840 225 593 699 902 465 736 278 833 773 603 362 338 112 448 524 382 668 596 237 899 631 569 626 748 745 473 493 800 688 993 633 780 769 776 634 646 404 801 737 911 249 50 763 880 985 578 299 777 467 640 726 498 498 271 785 326 674 512 114 443 703 691 631 963 0 203 440 775 96 776 671 630 548 183 725 734 700 81 447
569 944 65 626 710 1020 663 920 227 887 729 616 528 250 194 642 658 413 786 799 54 1032 787 626 617 949 785 439 462 959 806 1113 798 868 971 824 747 837 607 964 841 1021 148 204 789 1027 1118 647 466 938 465 694 855 699 686 205 896 520 692 620 273 634 806 830 832 1081 203 0 506 795 215 964 870 673 712 382 919 807 723 229 607
199 444 459 165 284 529 507 608 304 393 430 199 283 338 345 460 236 110 307 697 485 559 392 128 251 755 307 230 228 547 327 622 428 362 859 336 266 575 585 560 343 523 385 391 330 578 642 142 278 532 160 200 388 676 453 328 403 403 254 152 539 443 309 386 658 589 440 506 0 346 536 664 660 193 362 502 661 302 273 359 288
488 383 735 183 88 481 808 806 568 162 246 178 600 564 670 759 460 395 394 992 759 559 572 229 191 1004 79 369 347 658 399 552 621 281 1136 114 373 814 913 679 342 447 651 725 26 625 614 246 613 656 330 172 461 996 732 591 391 731 103 378 880 742 335 503 929 520 775 795 346 0 870 861 913 157 596 848 887 210 75 695 569
520 931 260 688 793 990 508 792 355 928 860 697 439 407 202 499 611 476 757 614 263 983 708 664 717 779 841 559 580 874 777 1080 706 874 780 872 725 697 418 873 829 1001 309 145 858 959 1069 674 378 850 558 736 812 503 554 343 875 380 769 604 61 496 794 774 664 1051 96 215 536 870 0 829 710 726 622 191 771 829 795 177 525
472 560 957 759 857 521 326 56 876 764 1053 817 449 938 777 330 434 750 468 339 979 440 291 684 883 202 782 892 892 248 465 554 244 615 365 764 488 132 465 226 536 564 924 762 835 354 483 648 506 235 824 705 415 452 279 893 513 451 826 528 781 334 532 362 230 550 776 964 664 861 829 0 169 738 302 647 83 659 821 736 392
461 667 872 784 894 647 206 178 819 843 1078 837 398 885 694 233 457 726 538 170 892 577 354 710 900 95 839 874 879 384 542 695 305 701 231 830 547 104 315 365 620 687 853 666 888 497 632 679 441 365 813 746 508 287 211 832 612 351 861 548 656 244 607 448 61 686 671 870 660 913 710 169 0 774 318 521 86 728 862 646 372
334 348 618 53 120 447 655 682 452 215 316 101 444 463 530 607 317 261 289 842 643 506 447 72 163 867 115 286 269 561 301 533 495 244 991 152 257 678 756 581 270 425 536 581 138 553 576 95 456 554 225 41 368 841 584 476 331 574 88 228 731 590 248 396 785 498 630 673 193 157 726 738 774 0 456 693 756 163 91 549 418
171 397 692 469 577 415 248 247 589 535 764 525 186 647 518 207 140 449 237 410 716 381 90 395 589 410 522 590 590 252 247 492 86 403 541 516 236 222 397 254 325 443 647 520 571 341 462 362 249 229 522 428 238 450 155 608 337 266 544 233 588 194 304 181 335 470 548 712 362 596 622 302 318 456 0 475 303 417 544 488 105
416 829 407 667 783 874 322 615 436 873 893 691 310 502 265 320 500 481 652 423 419 853 565 624 728 588 803 602 619 721 670 958 553 791 592 825 626 516 228 717 733 892 425 206 831 816 936 621 262 696 578 692 692 318 381 436 770 213 754 521 136 321 701 645 473 933 183 382 502 848 191 647 521 693 475 0 586 762 775 209 392
464 613 917 772 876 583 264 103 849 804 1067 828 421 913 737 278 442 738 501 256 938 507 317 697 892 131 811 884 886 314 502 624 267 657 292 797 516 88 392 293 577 625 890 715 862 424 557 663 472 297 819 725 459 372 237 864 561 400 844 536 721 285 568 402 147 618 725 919 661 887 771 83 86 756 303 586 0 693 842 692 377
355 188 757 215 241 288 651 606 595 120 442 263 472 615 644 605 297 397 192 826 783 356 377 184 319 815 132 447 431 448 194 371 427 82 956 105 181 626 777 470 132 263 679 687 185 416 420 160 504 447 382 126 251 850 566 620 183 605 220 242 824 588 128 297 752 337 734 807 302 210 829 659 728 163 417 762 693 0 198 653 418
425 384 664 108 43 484 746 765 497 195 246 107 534 496 595 698 406 320 361 933 688 554 529 162 136 954 82 304 283 632 370 564 578 278 1081 132 334 765 845 652 325 456 580 650 66 612 617 185 543 627 259 117 435 931 674 520 380 664 33 318 805 681 310 470 875 530 700 723 273 75 795 821 862 91 544 775 842 198 0 620 509
361 763 227 513 620 828 440 692 227 752 703 525 303 293 57 415 452 304 593 590 246 829 568 488 550 728 664 405 424 739 613 919 575 701 766 695 558 609 407 742 660 835 223 35 682 814 915 497 240 717 393 559 654 506 458 227 709 294 595 434 187 407 625 622 611 889 81 229 359 695 177 736 646 549 488 209 692 653 620 0 385
90 444 587 420 536 482 238 339 488 538 710 470 86 547 413 190 123 361 269 424 611 462 184 350 531 467 503 507 509 354 284 566 191 425 577 507 251 290 360 357 355 502 543 417 546 434 547 325 148 332 443 398 300 433 168 506 384 197 502 192 496 173 327 253 372 541 447 607 288 569 525 392 372 418 105 392 377 418 509 385 0
