80 8
0 23 71 151 43 25 118 66 126 133 12 155 59 91 44 136 162 269 127 139 131 31 82 72 79 96 68 234 137 161 97 142 153 173 25 79 239 86 102 111 74 79 215 70 119 31 140 106 98 122 198 159 124 143 106 248 78 63 202 143 58 125 123 88 230 189 35 243 115 169 53 126 203 646 655 653 657 610 625 628 653
23 0 88 132 49 30 139 85 103 154 20 145 69 102 67 132 152 251 130 132 129 13 102 94 102 72 74 251 114 184 120 157 133 168 47 92 260 87 78 117 92 59 193 72 135 53 163 94 119 138 211 176 102 160 129 240 79 51 207 157 36 110 109 105 247 189 50 242 138 190 40 116 220 669 653 676 660 633 622 605 651
71 88 0 220 107 60 58 97 183 71 83 226 29 137 67 203 232 282 82 207 196 100 25 83 79 151 41 164 193 114 63 174 180 240 47 20 176 150 160 166 6 117 249 54 149 66 121 176 107 153 233 181 187 72 93 226 142 87 255 73 112 196 194 122 244 250 38 303 112 165 124 124 132 604 714 614 599 571 686 672 712
151 132 220 0 131 161 268 179 78 283 140 66 200 160 181 99 69 264 250 84 109 120 232 199 212 93 202 383 80 305 241 209 162 108 176 223 389 116 79 143 224 134 177 196 198 171 268 62 214 200 237 236 54 292 237 315 117 157 190 288 117 33 45 181 300 150 182 188 237 276 99 203 352 771 570 774 765 732 535 521 566
43 49 107 131 0 67 143 50 131 158 33 121 100 54 51 96 127 297 169 101 90 42 110 68 80 106 110 267 142 174 111 110 178 133 60 118 260 44 107 69 109 106 233 113 90 44 138 75 86 92 162 132 121 176 106 288 36 99 160 180 79 101 95 61 203 146 75 200 108 155 38 165 235 645 612 650 699 607 583 633 610
25 30 60 161 67 0 114 87 124 129 34 174 39 115 60 159 181 251 103 159 154 43 77 88 93 93 45 222 135 164 102 165 137 195 29 62 235 110 101 135 65 65 202 46 142 48 152 123 115 145 222 181 128 131 118 224 101 43 227 127 53 139 139 111 251 212 23 266 130 185 69 103 191 653 678 661 634 618 648 621 676
118 139 58 268 143 114 0 113 239 15 128 264 87 155 93 235 270 335 119 242 225 149 37 91 80 207 97 127 249 59 43 173 238 271 93 70 121 181 215 187 52 175 306 110 152 100 89 218 103 155 230 172 241 47 75 265 174 145 267 69 167 241 237 133 223 272 91 323 95 138 170 177 96 548 727 558 597 515 701 729 726
66 85 97 179 50 87 113 0 179 127 65 157 104 42 31 124 163 335 174 133 114 85 88 23 36 153 118 240 190 131 74 80 218 159 64 115 221 72 155 74 96 144 277 126 56 39 89 119 37 59 138 94 170 154 59 309 67 129 159 165 120 147 139 25 164 159 81 210 59 107 88 190 209 595 619 600 696 558 591 683 617
126 103 183 78 131 124 239 179 0 253 120 134 157 178 168 152 139 192 190 141 158 97 202 193 203 32 153 338 11 286 223 235 84 174 149 179 359 141 25 175 188 72 111 144 217 155 264 101 216 220 277 259 25 251 230 238 137 102 246 240 71 86 97 191 329 212 147 257 236 285 93 131 309 771 648 777 691 734 613 504 644
133 154 71 283 158 129 15 127 253 0 143 279 99 168 108 249 285 344 124 256 240 164 52 105 93 221 108 114 263 53 55 184 249 285 108 81 107 196 230 201 65 188 318 121 163 115 94 233 114 166 239 181 256 41 85 269 189 158 279 67 182 256 252 146 229 285 106 335 104 142 185 186 84 537 738 548 588 505 713 742 737
12 20 83 140 33 34 128 65 120 143 0 144 70 84 48 125 150 271 137 127 120 23 92 74 83 91 79 246 131 169 105 138 153 162 36 90 249 76 95 102 86 79 213 80 115 35 144 94 99 118 193 157 116 154 110 256 67 68 193 154 55 114 111 85 227 178 46 232 118 170 42 132 214 651 644 658 668 615 614 623 642
155 145 226 66 121 174 264 157 134 279 144 0 213 126 171 42 7 326 274 27 55 132 231 180 193 138 219 387 140 289 229 163 217 42 178 234 378 85 126 98 228 171 241 217 158 164 241 51 188 159 180 189 110 296 216 363 91 186 126 298 147 49 41 150 247 84 190 123 210 239 105 243 356 731 519 732 802 691 485 579 515
59 69 29 200 100 39 87 104 157 99 70 213 0 140 73 195 219 255 71 197 190 82 54 96 96 125 15 184 167 143 89 184 151 232 42 23 204 144 135 165 35 89 220 26 159 67 146 162 122 163 242 195 163 94 115 207 136 59 256 88 87 179 178 130 261 246 25 300 131 186 109 98 153 633 712 643 600 600 683 643 710
91 102 137 160 54 115 155 42 178 168 84 126 140 0 70 87 131 351 211 99 76 96 130 64 76 157 153 282 189 167 114 57 232 120 98 154 259 44 156 33 137 160 285 158 39 73 116 98 63 41 109 80 165 196 93 339 44 152 117 207 133 127 116 25 151 117 115 168 85 116 87 217 251 611 577 614 737 572 549 676 576
44 67 67 181 51 60 93 31 168 108 48 171 73 70 0 142 177 311 144 149 134 71 63 28 35 139 88 218 179 124 60 110 196 179 34 84 209 88 143 100 67 123 259 96 86 14 96 126 55 89 169 123 163 129 62 279 81 103 187 138 102 152 146 56 191 184 51 237 71 125 83 162 187 603 647 610 667 567 619 671 645
136 132 203 99 96 159 235 124 152 249 125 42 195 87 142 0 46 344 262 16 13 120 204 147 160 147 204 360 160 254 197 120 228 37 156 214 345 54 138 58 205 172 263 204 117 138 203 52 150 118 140 147 130 271 180 365 61 179 94 276 144 70 58 112 205 61 170 112 172 198 94 242 329 689 521 690 792 649 490 618 519
162 152 232 69 127 181 270 163 139 285 150 7 219 131 177 46 0 331 281 32 58 138 237 186 199 143 226 394 144 295 235 166 222 40 185 241 384 91 132 103 235 178 245 224 163 171 247 58 193 163 181 193 115 303 221 369 97 192 125 305 153 54 47 155 249 83 197 119 215 243 111 249 362 735 513 735 809 694 479 579 509
269 251 282 264 297 251 335 335 192 344 271 326 255 351 311 344 331 0 225 334 348 255 308 339 343 199 242 377 187 394 344 407 119 367 279 266 434 323 206 357 288 192 91 229 386 298 399 292 366 388 458 427 216 319 366 134 317 208 436 295 218 278 289 355 498 404 266 449 380 435 267 159 357 880 830 893 571 849 793 425 825
127 130 82 250 169 103 119 174 190 124 137 274 71 211 144 262 281 225 0 262 258 143 103 164 161 162 59 160 197 177 142 253 150 298 113 62 209 213 175 236 85 119 217 58 229 138 200 223 188 232 312 262 204 94 174 147 204 93 327 69 133 235 237 200 325 315 96 369 193 246 170 76 136 655 781 668 531 625 751 637 779
139 132 207 84 101 159 242 133 141 256 127 27 197 99 149 16 32 334 262 0 28 119 210 156 169 138 205 367 148 264 206 135 220 37 160 217 354 61 129 71 210 167 251 204 131 144 215 44 162 132 155 162 118 276 191 360 68 177 107 280 140 57 45 124 221 71 173 118 184 212 92 237 335 704 524 705 792 664 492 603 521
131 129 196 109 90 154 225 114 158 240 120 55 190 76 134 13 58 348 258 28 0 117 196 137 149 150 199 352 166 243 187 108 232 45 150 208 334 46 142 45 198 172 269 200 105 131 192 57 139 105 129 135 137 263 169 365 54 178 88 269 144 79 66 101 193 60 165 113 161 185 92 241 320 677 524 677 788 636 494 629 522
31 13 100 120 42 43 149 85 97 164 23 132 82 96 71 120 138 255 143 119 117 0 113 96 106 68 88 264 108 192 127 152 136 155 56 105 270 77 72 107 104 64 193 86 131 58 167 80 120 134 204 173 93 172 133 250 69 61 196 169 37 97 96 102 244 177 62 230 140 191 27 126 232 674 641 680 673 637 610 600 638
82 102 25 232 110 77 37 88 202 52 92 231 54 130 63 204 237 308 103 210 196 113 0 70 63 170 66 156 212 89 39 160 205 241 57 44 158 151 178 162 20 139 273 79 136 67 97 184 90 139 218 164 204 67 71 249 143 110 247 77 131 206 202 112 223 246 55 298 91 142 134 149 125 580 707 590 609 546 680 695 706
72 94 83 199 68 88 91 23 193 105 74 180 96 64 28 147 186 339 164 156 137 96 70 0 13 165 111 218 204 109 51 90 224 182 61 102 198 95 168 96 81 150 286 120 67 41 71 141 27 70 149 99 187 134 38 303 89 131 177 147 129 168 161 42 165 180 76 231 44 97 105 189 187 579 638 584 679 542 611 697 637
79 102 79 212 80 93 80 36 203 93 83 193 96 76 35 160 199 343 161 169 149 106 63 13 0 174 111 207 214 96 39 97 230 194 65 99 185 108 178 109 77 157 294 121 74 49 61 154 28 77 155 102 198 124 27 303 102 136 187 139 138 181 173 53 165 192 78 242 37 92 116 191 176 568 647 574 672 531 621 706 646
96 72 151 93 106 93 207 153 32 221 91 138 125 157 139 147 143 199 162 138 150 68 170 165 174 0 122 307 42 255 192 214 82 174 117 147 327 124 13 159 156 43 127 113 195 125 235 95 188 197 260 237 42 219 201 226 119 71 237 209 39 89 97 167 308 208 115 256 208 259 71 110 277 741 656 748 673 705 622 532 652
68 74 41 202 110 45 97 118 153 108 79 219 15 153 88 204 226 242 59 205 199 88 66 111 111 122 0 185 163 154 103 198 141 240 55 27 211 154 133 177 46 83 210 13 174 80 160 168 137 177 256 209 162 98 129 192 146 52 268 87 86 183 183 144 276 257 38 310 146 201 114 84 155 644 723 655 589 611 693 633 721
234 251 164 383 267 222 127 240 338 114 246 387 184 282 218 360 394 377 160 367 352 264 156 218 207 307 185 0 348 137 168 295 310 397 210 161 84 307 319 314 160 267 377 194 276 223 197 339 227 279 348 289 347 92 197 267 299 237 393 98 271 360 357 259 326 398 201 449 214 241 288 236 32 521 850 539 491 496 825 796 850
137 114 193 80 142 135 249 190 11 263 131 140 167 189 179 160 144 187 197 148 166 108 212 204 214 42 163 348 0 297 234 245 83 180 160 189 370 151 36 185 198 81 103 153 228 166 275 109 227 230 287 270 30 260 241 239 148 111 254 249 82 92 104 202 339 219 158 263 248 297 104 136 318 782 650 789 694 746 615 492 646
161 184 114 305 174 164 59 131 286 53 169 289 143 167 124 254 295 394 177 264 243 192 89 109 96 255 154 137 297 0 64 166 294 288 138 129 92 204 262 200 108 228 362 167 150 136 62 249 105 152 214 155 285 92 74 322 198 199 266 119 216 275 269 143 190 280 141 326 86 105 208 236 113 491 718 501 625 457 694 784 718
97 120 63 241 111 102 43 74 223 55 105 229 89 114 60 197 235 344 142 206 187 127 39 51 39 192 103 168 234 64 0 131 237 232 75 83 149 144 198 147 59 167 303 115 109 71 58 186 60 112 188 131 221 89 34 288 138 141 225 107 153 212 206 91 186 231 81 281 55 104 143 186 138 551 684 559 638 516 659 722 683
142 157 174 209 110 165 173 80 235 184 138 163 184 57 110 120 166 407 253 135 108 152 160 90 97 214 198 295 245 166 131 0 288 143 143 192 256 96 212 66 172 216 342 205 24 119 105 147 71 21 59 27 220 219 99 389 98 205 101 236 189 176 164 55 94 121 161 162 81 82 144 269 267 569 555 569 768 528 530 729 554
153 133 180 162 178 137 238 218 84 249 153 217 151 232 196 228 222 119 150 220 232 136 205 224 230 82 141 310 83 294 237 288 0 255 166 168 350 204 91 238 186 74 69 128 267 183 289 177 251 270 338 309 108 234 255 157 198 96 319 215 99 168 177 237 380 289 156 337 267 321 148 75 284 785 732 795 614 751 697 493 728
173 168 240 108 133 195 271 159 174 285 162 42 232 120 179 37 40 367 298 37 45 155 241 182 194 174 240 397 180 288 232 143 255 0 193 251 379 91 164 88 242 204 282 240 145 175 234 80 183 145 148 169 150 308 213 397 98 214 86 313 177 88 78 145 218 43 207 83 204 224 129 274 366 710 487 708 828 668 455 616 484
25 47 47 176 60 29 93 64 149 108 36 178 42 98 34 156 185 279 113 160 150 56 57 61 65 117 55 210 160 138 75 143 166 193 0 59 214 104 124 123 50 94 231 62 119 25 123 129 88 122 201 157 149 119 89 245 95 71 214 120 78 150 147 89 225 205 17 259 102 157 78 128 178 625 671 633 641 590 641 648 669
79 92 20 223 118 62 70 115 179 81 90 234 23 154 84 214 241 266 62 217 208 105 44 102 99 147 27 161 189 129 83 192 168 251 59 0 184 162 158 181 24 110 237 40 168 81 141 184 127 171 251 201 186 72 113 206 154 79 271 65 110 201 200 140 264 264 44 317 132 185 130 107 131 618 729 629 583 585 700 660 727
239 260 176 389 260 235 121 221 359 107 249 378 204 259 209 345 384 434 209 354 334 270 158 198 185 327 211 84 370 92 149 256 350 379 214 184 0 293 336 291 171 293 419 223 242 218 151 335 197 244 301 243 362 117 166 337 287 263 357 139 288 360 355 234 266 371 212 417 178 187 290 281 84 449 804 464 566 421 782 842 804
86 87 150 116 44 110 181 72 141 196 76 85 144 44 88 54 91 323 213 61 46 77 151 95 108 124 154 307 151 204 144 96 204 91 104 162 293 0 120 34 152 138 251 156 83 85 157 53 103 84 136 122 124 217 131 327 8 138 120 223 109 82 72 67 189 103 119 156 126 161 57 202 275 656 569 658 743 616 539 634 566
102 78 160 79 107 101 215 155 25 230 95 126 135 156 143 138 132 206 175 129 142 72 178 168 178 13 133 319 36 262 198 212 91 164 124 158 336 120 0 154 165 56 130 125 194 130 239 86 191 196 257 236 29 230 205 238 116 83 230 220 49 78 86 168 306 199 124 246 212 261 69 123 288 746 644 753 686 710 610 529 640
111 117 166 143 69 135 187 74 175 201 102 98 165 33 100 58 103 357 236 71 45 107 162 96 109 159 177 314 185 200 147 66 238 88 123 181 291 34 154 0 167 170 285 181 60 100 147 82 95 60 102 93 157 228 126 357 40 168 91 237 141 110 98 57 158 85 140 137 116 141 90 233 283 634 548 635 764 594 519 663 546
74 92 6 224 109 65 52 96 188 65 86 228 35 137 67 205 235 288 85 210 198 104 20 81 77 156 46 160 198 108 59 172 186 242 50 24 171 152 165 167 0 123 255 59 148 67 117 179 104 151 231 178 192 68 89 230 144 93 255 71 117 200 197 121 240 251 42 304 108 161 128 129 129 599 714 609 600 565 686 677 713
79 59 117 134 106 65 175 144 72 188 79 171 89 160 123 172 178 192 119 167 172 64 139 150 157 43 83 267 81 228 167 216 74 204 94 110 293 138 56 170 123 0 137 73 194 109 217 123 177 197 268 236 86 181 183 193 130 31 257 169 29 125 131 164 307 232 86 283 194 248 81 71 238 718 689 726 633 683 657 556 686
215 193 249 177 233 202 306 277 111 318 213 241 220 285 259 263 245 91 217 251 269 193 273 286 294 127 210 377 103 362 303 342 69 282 231 237 419 251 130 285 255 137 0 197 322 245 354 212 312 325 387 364 133 303 320 188 246 163 357 283 157 195 206 294 435 322 222 364 330 383 198 141 352 853 739 862 644 819 702 424 735
70 72 54 196 113 46 110 126 144 121 80 217 26 158 96 204 224 229 58 204 200 86 79 120 121 113 13 194 153 167 115 205 128 240 62 40 223 156 125 181 59 73 197 0 181 87 172 166 147 184 264 218 154 109 141 183 148 42 272 96 79 179 180 151 285 259 45 312 157 212 113 71 165 657 724 668 588 624 694 621 722
119 135 149 198 90 142 152 56 217 163 115 158 159 39 86 117 163 386 229 131 105 131 136 67 74 195 174 276 228 150 109 24 267 145 119 168 242 83 194 60 148 194 322 181 0 95 92 136 49 3 83 42 204 197 80 364 83 182 117 213 168 165 154 31 113 130 136 176 64 81 125 245 247 574 575 576 745 535 549 716 574
31 53 66 171 44 48 100 39 155 115 35 164 67 73 14 138 171 298 138 144 131 58 67 41 49 125 80 223 166 136 71 119 183 175 25 81 218 85 130 100 67 109 245 87 95 0 110 118 68 98 177 133 151 133 76 270 77 91 190 138 89 142 137 64 202 184 42 237 85 138 72 151 192 616 648 623 664 580 620 658 647
140 163 121 268 138 152 89 89 264 94 144 241 146 116 96 203 247 399 200 215 192 167 97 71 61 235 160 197 275 62 58 105 289 234 123 141 151 157 239 147 117 217 354 172 92 110 0 207 54 93 152 93 258 135 34 346 153 193 205 158 198 236 227 91 135 222 134 266 31 48 175 243 171 508 656 514 681 471 633 767 656
106 94 176 62 75 123 218 119 101 233 94 51 162 98 126 52 58 292 223 44 57 80 184 141 154 95 168 339 109 249 186 147 177 80 129 184 335 53 86 82 179 123 212 166 136 118 207 0 154 137 180 174 80 248 178 316 55 135 145 248 97 29 20 119 239 113 140 162 176 214 54 194 308 709 566 711 751 670 534 582 563
98 119 107 214 86 115 103 37 216 114 99 188 122 63 55 150 193 366 188 162 139 120 90 27 28 188 137 227 227 105 60 71 251 183 88 127 197 103 191 95 104 177 312 147 49 68 54 154 0 52 128 74 207 148 31 330 99 158 166 165 154 182 173 38 138 175 103 223 23 71 125 216 197 559 624 563 697 521 599 719 623
122 138 153 200 92 145 155 59 220 166 118 159 163 41 89 118 163 388 232 132 105 134 139 70 77 197 177 279 230 152 112 21 270 145 122 171 244 84 196 60 151 197 325 184 3 98 93 137 52 0 80 40 206 200 82 368 85 185 114 216 170 166 155 34 110 129 139 174 66 80 127 248 249 574 572 575 748 534 547 717 571
198 211 233 237 162 222 230 138 277 239 193 180 242 109 169 140 181 458 312 155 129 204 218 149 155 260 256 348 287 214 188 59 338 148 201 251 301 136 257 102 231 268 387 264 83 177 152 180 128 80 0 59 259 276 154 446 141 260 74 294 240 206 194 113 72 112 219 135 135 115 191 325 321 567 504 564 826 525 481 758 504
159 176 181 236 132 181 172 94 259 181 157 189 195 80 123 147 193 427 262 162 135 173 164 99 102 237 209 289 270 155 131 27 309 169 157 201 243 122 236 93 178 236 364 218 42 133 93 174 74 40 59 0 245 219 97 402 123 222 118 238 210 202 191 72 71 144 173 181 77 60 167 284 262 542 563 543 768 502 540 755 562
124 102 187 54 121 128 241 170 25 256 116 110 163 165 163 130 115 216 204 118 137 93 204 187 198 42 162 347 30 285 221 220 108 150 149 186 362 124 29 157 192 86 133 154 204 151 258 80 207 206 259 245 0 258 225 262 122 113 224 249 76 62 73 180 313 189 150 233 229 275 83 151 317 765 623 771 713 728 588 513 619
143 160 72 292 176 131 47 154 251 41 154 296 94 196 129 271 303 319 94 276 263 172 67 134 124 219 98 92 260 92 89 219 234 308 119 72 117 217 230 228 68 181 303 109 197 133 135 248 148 200 276 219 258 0 122 233 209 151 311 28 181 268 266 176 269 312 110 364 142 183 196 164 60 561 771 575 550 531 745 726 770
106 129 93 237 106 118 75 59 230 85 110 216 115 93 62 180 221 366 174 191 169 133 71 38 27 201 129 197 241 74 34 99 255 213 89 113 166 131 205 126 89 183 320 141 80 76 34 178 31 82 154 97 225 122 0 319 126 160 196 141 164 206 198 68 152 206 101 255 20 72 143 212 168 541 654 547 672 504 629 733 653
248 240 226 315 288 224 265 309 238 269 256 363 207 339 279 365 369 134 147 360 365 250 249 303 303 226 192 267 239 322 288 389 157 397 245 206 337 327 238 357 230 193 188 183 364 270 346 316 330 368 446 402 262 233 319 0 319 189 447 206 221 315 322 334 468 425 228 477 337 391 273 124 254 785 882 801 459 758 848 555 878
78 79 142 117 36 101 174 67 137 189 67 91 136 44 81 61 97 317 204 68 54 69 143 89 102 119 146 299 148 198 138 98 198 98 95 154 287 8 116 40 144 130 246 148 83 77 153 55 99 85 141 123 122 209 126 319 0 130 128 215 102 84 74 64 192 111 110 165 122 160 50 195 268 654 577 657 735 615 547 633 575
63 51 87 157 99 43 145 129 102 158 68 186 59 152 103 179 192 208 93 177 178 61 110 131 136 71 52 237 111 199 141 205 96 214 71 79 263 138 83 168 93 31 163 42 182 91 193 135 158 185 260 222 113 151 160 189 130 0 257 138 40 143 146 151 292 238 60 291 173 228 86 65 208 690 700 699 616 656 669 584 698
202 207 255 190 160 227 267 159 246 279 193 126 256 117 187 94 125 436 327 107 88 196 247 177 187 237 268 393 254 266 225 101 319 86 214 271 357 120 230 91 255 257 357 272 117 190 205 145 166 114 74 118 224 311 196 447 128 257 0 324 228 164 152 135 145 44 231 63 180 178 175 322 363 641 460 637 854 598 434 702 459
143 157 73 288 180 127 69 165 240 67 154 298 88 207 138 276 305 295 69 280 269 169 77 147 139 209 87 98 249 119 107 236 215 313 120 65 139 223 220 237 71 169 283 96 213 138 158 248 165 216 294 238 249 28 141 206 215 138 324 0 173 266 265 189 292 321 108 374 162 206 195 143 70 587 784 601 533 557 756 705 783
58 36 112 117 79 53 167 120 71 182 55 147 87 133 102 144 153 218 133 140 144 37 131 129 138 39 86 271 82 216 153 189 99 177 78 110 288 109 49 141 117 29 157 79 168 89 198 97 154 170 240 210 76 181 164 221 102 40 228 173 0 103 107 138 281 204 76 256 173 226 52 98 240 703 663 711 656 668 631 570 660
125 110 196 33 101 139 241 147 86 256 114 49 179 127 152 70 54 278 235 57 79 97 206 168 181 89 183 360 92 275 212 176 168 88 150 201 360 82 78 110 200 125 195 179 165 142 236 29 182 166 206 202 62 268 206 315 84 143 164 266 103 0 13 148 267 127 159 171 205 243 72 197 328 738 566 741 758 699 533 554 563
123 109 194 45 95 139 237 139 97 252 111 41 178 116 146 58 47 289 237 45 66 96 202 161 173 97 183 357 104 269 206 164 177 78 147 200 355 72 86 98 197 131 206 180 154 137 227 20 173 155 194 191 73 266 198 322 74 146 152 265 107 13 0 138 255 115 157 160 196 233 70 202 326 728 559 730 762 688 526 566 556
88 105 122 181 61 111 133 25 191 146 85 150 130 25 56 112 155 355 200 124 101 102 112 42 53 167 144 259 202 143 91 55 237 145 89 140 234 67 168 57 121 164 294 151 31 64 91 119 38 34 113 72 180 176 68 334 64 151 135 189 138 148 138 0 143 140 106 190 60 96 98 214 229 590 596 594 721 551 569 693 594
230 247 244 300 203 251 223 164 329 229 227 247 261 151 191 205 249 498 325 221 193 244 223 165 165 308 276 326 339 190 186 94 380 218 225 264 266 189 306 158 240 307 435 285 113 202 135 239 138 110 72 71 313 269 152 468 192 292 145 292 281 267 255 143 0 184 241 204 133 86 237 353 303 495 543 492 815 453 525 821 544
189 189 250 150 146 212 272 159 212 285 178 84 246 117 184 61 83 404 315 71 60 177 246 180 192 208 257 398 219 280 231 121 289 43 205 264 371 103 199 85 251 232 322 259 130 184 222 113 175 129 112 144 189 312 206 425 111 238 44 321 204 127 115 140 184 0 221 54 194 203 152 301 368 678 466 676 846 636 436 659 464
35 50 38 182 75 23 91 81 147 106 46 190 25 115 51 170 197 266 96 173 165 62 55 76 78 115 38 201 158 141 81 161 156 207 17 44 212 119 124 140 42 86 222 45 136 42 134 140 103 139 219 173 150 110 101 228 110 60 231 108 76 159 157 106 241 221 0 275 115 171 87 113 170 631 687 640 625 597 657 642 685
243 242 303 188 200 266 323 210 257 335 232 123 300 168 237 112 119 449 369 118 113 230 298 231 242 256 310 449 263 326 281 162 337 83 259 317 417 156 246 137 304 283 364 312 176 237 266 162 223 174 135 181 233 364 255 477 165 291 63 374 256 171 160 190 204 54 275 0 240 241 205 353 419 698 412 693 900 655 383 676 410
115 138 112 237 108 130 95 59 236 104 118 210 131 85 71 172 215 380 193 184 161 140 91 44 37 208 146 214 248 86 55 81 267 204 102 132 178 126 212 116 108 194 330 157 64 85 31 176 23 66 135 77 229 142 20 337 122 173 180 162 173 205 196 60 133 194 115 240 0 55 146 228 186 537 636 542 692 499 612 740 635
169 190 165 276 155 185 138 107 285 142 170 239 186 116 125 198 243 435 246 212 185 191 142 97 92 259 201 241 297 105 104 82 321 224 157 185 187 161 261 141 161 248 383 212 81 138 48 214 71 80 115 60 275 183 72 391 160 228 178 206 226 243 233 96 86 203 171 241 55 0 193 283 217 495 617 498 729 456 595 788 617
53 40 124 99 38 69 170 88 93 185 42 105 109 87 83 94 111 267 170 92 92 27 134 105 116 71 114 288 104 208 143 144 148 129 78 130 290 57 69 90 128 81 198 113 125 72 175 54 125 127 191 167 83 196 143 273 50 86 175 195 52 72 70 98 237 152 87 205 146 193 0 149 256 683 615 688 700 645 583 595 612
126 116 124 203 165 103 177 190 131 186 132 243 98 217 162 242 249 159 76 237 241 126 149 189 191 110 84 236 136 236 186 269 75 274 128 107 281 202 123 233 129 71 141 71 245 151 243 194 216 248 325 284 151 164 212 124 195 65 322 143 98 197 202 214 353 301 113 353 228 283 149 0 211 723 761 735 563 691 728 563 758
203 220 132 352 235 191 96 209 309 84 214 356 153 251 187 329 362 357 136 335 320 232 125 187 176 277 155 32 318 113 138 267 284 366 178 131 84 275 288 283 129 238 352 165 247 192 171 308 197 249 321 262 317 60 168 254 268 208 363 70 240 328 326 229 303 368 170 419 186 217 256 211 0 531 821 547 512 504 796 773 821
646 669 604 771 645 653 548 595 771 537 651 731 633 611 603 689 735 880 655 704 677 674 580 579 568 741 644 521 782 491 551 569 785 710 625 618 449 656 746 634 599 718 853 657 574 616 508 709 559 574 567 542 765 561 541 785 654 690 641 587 703 738 728 590 495 678 631 698 537 495 683 723 531 0 941 34 885 44 938 1273 945
655 653 714 570 612 678 727 619 648 738 644 519 712 577 647 521 513 830 781 524 524 641 707 638 647 656 723 850 650 718 684 555 732 487 671 729 804 569 644 548 714 689 739 724 575 648 656 566 624 572 504 563 623 771 654 882 577 700 460 784 663 566 559 596 543 466 687 412 636 617 615 761 821 941 0 922 1312 897 41 908 9
653 676 614 774 650 661 558 600 777 548 658 732 643 614 610 690 735 893 668 705 677 680 590 584 574 748 655 539 789 501 559 569 795 708 633 629 464 658 753 635 609 726 862 668 576 623 514 711 563 575 564 543 771 575 547 801 657 699 637 601 711 741 730 594 492 676 640 693 542 498 688 735 547 34 922 0 914 44 921 1281 927
657 660 599 765 699 634 597 696 691 588 668 802 600 737 667 792 809 571 531 792 788 673 609 679 672 673 589 491 694 625 638 768 614 828 641 583 566 743 686 764 600 633 644 588 745 664 681 751 697 748 826 768 713 550 672 459 735 616 854 533 656 758 762 721 815 846 625 900 692 729 700 563 512 885 1312 914 0 880 1282 922 1310
610 633 571 732 607 618 515 558 734 505 615 691 600 572 567 649 694 849 625 664 636 637 546 542 531 705 611 496 746 457 516 528 751 668 590 585 421 616 710 594 565 683 819 624 535 580 471 670 521 534 525 502 728 531 504 758 615 656 598 557 668 699 688 551 453 636 597 655 499 456 645 691 504 44 897 44 880 0 894 1237 901
625 622 686 535 583 648 701 591 613 713 614 485 683 549 619 490 479 793 751 492 494 610 680 611 621 622 693 825 615 694 659 530 697 455 641 700 782 539 610 519 686 657 702 694 549 620 633 534 599 547 481 540 588 745 629 848 547 669 434 756 631 533 526 569 525 436 657 383 612 595 583 728 796 938 41 921 1282 894 0 867 34
628 605 672 521 633 621 729 683 504 742 623 579 643 676 671 618 579 425 637 603 629 600 695 697 706 532 633 796 492 784 722 729 493 616 648 660 842 634 529 663 677 556 424 621 716 658 767 582 719 717 758 755 513 726 733 555 633 584 702 705 570 554 566 693 821 659 642 676 740 788 595 563 773 1273 908 1281 922 1237 867 0 900
653 651 712 566 610 676 726 617 644 737 642 515 710 576 645 519 509 825 779 521 522 638 706 637 646 652 721 850 646 718 683 554 728 484 669 727 804 566 640 546 713 686 735 722 574 647 656 563 623 571 504 562 619 770 653 878 575 698 459 783 660 563 556 594 544 464 685 410 635 617 612 758 821 945 9 927 1310 901 34 900 0
