30 4
0 613 598 602 434 483 414 417 305 307 480 219 343 182 402 381 487 462 47 479 607 489 455 463 130 578 334 327 370 574 364
613 0 16 1213 1029 721 232 293 912 756 919 426 928 581 212 375 503 428 640 705 942 1079 507 654 741 69 840 810 981 1185 957
598 16 0 1198 1016 705 221 285 896 740 903 413 914 564 196 359 489 422 625 698 934 1065 501 647 726 67 823 794 965 1170 941
602 1213 1198 0 278 802 1012 1002 306 576 567 809 363 671 1002 928 959 999 579 857 798 281 958 878 475 1180 487 523 233 93 288
434 1029 1016 278 0 794 810 783 255 555 630 606 105 568 824 808 886 754 396 584 524 58 703 609 310 986 495 522 204 199 312
483 721 705 802 794 0 663 721 546 239 271 585 743 305 568 349 238 840 526 948 1089 851 868 923 534 734 317 282 617 831 523
414 232 221 1012 810 663 0 82 720 625 803 205 706 438 112 332 499 235 433 488 720 856 304 439 537 178 694 672 783 975 775
417 293 285 1002 783 721 82 0 719 660 840 199 679 473 192 403 571 153 427 414 649 827 224 363 531 230 721 702 777 958 781
305 912 896 306 255 546 720 719 0 308 377 522 239 368 700 624 668 742 293 666 693 309 715 672 191 882 240 269 77 301 82
307 756 740 576 555 239 625 660 308 0 181 481 510 188 561 400 388 744 340 785 892 612 751 770 316 748 96 59 379 597 291
480 919 903 567 630 271 803 840 377 181 0 662 612 367 732 550 491 924 506 952 1036 682 929 940 460 917 156 153 429 614 322
219 426 413 809 606 585 205 199 522 481 662 0 503 301 231 335 493 264 230 392 592 654 283 355 335 380 532 516 581 770 583
343 928 914 363 105 743 706 679 239 510 612 503 0 493 725 722 812 651 302 494 467 151 601 515 227 883 465 486 220 295 314
182 581 564 671 568 305 438 473 368 188 367 301 493 0 378 256 320 564 227 643 787 626 580 620 266 566 261 235 444 667 392
402 212 196 1002 824 568 112 192 700 561 732 231 725 378 0 227 390 343 431 577 800 875 407 531 531 188 639 612 769 975 746
381 375 359 928 808 349 332 403 624 400 550 335 722 256 227 0 168 543 425 727 922 865 592 688 499 385 492 458 700 921 647
487 503 489 959 886 238 499 571 668 388 491 493 812 320 390 168 0 712 534 884 1066 944 759 848 585 528 483 446 745 969 671
462 428 422 999 754 840 235 153 742 744 924 264 651 564 343 543 712 0 456 285 525 789 81 233 551 360 790 777 788 943 813
47 640 625 579 396 526 433 427 293 340 506 230 302 227 431 425 534 456 0 446 564 450 441 435 104 602 356 353 351 545 359
479 705 698 857 584 948 488 414 666 785 952 392 494 643 577 727 884 285 446 0 240 603 205 52 502 639 799 799 687 783 747
607 942 934 798 524 1089 720 649 693 892 1036 592 467 787 800 922 1066 525 564 240 0 519 444 292 578 877 880 890 686 711 773
489 1079 1065 281 58 851 856 827 309 612 682 654 151 626 875 865 944 789 450 603 519 0 734 632 366 1033 549 577 253 192 361
455 507 501 958 703 868 304 224 715 751 929 283 601 580 407 592 759 81 441 205 444 734 0 152 528 440 788 779 755 896 790
463 654 647 878 609 923 439 363 672 770 940 355 515 620 531 688 848 233 435 52 292 632 152 0 500 587 790 788 698 808 752
130 741 726 475 310 534 537 531 191 316 460 335 227 266 531 499 585 551 104 502 578 366 528 500 0 705 304 312 246 444 262
578 69 67 1180 986 734 178 230 882 748 917 380 883 566 188 385 528 360 602 639 877 1033 440 587 705 0 827 800 948 1147 931
334 840 823 487 495 317 694 721 240 96 156 532 465 261 639 492 483 790 356 799 880 549 788 790 304 827 0 37 305 514 206
327 810 794 523 522 282 672 702 269 59 153 516 486 235 612 458 446 777 353 799 890 577 779 788 312 800 37 0 337 549 241
370 981 965 233 204 617 783 777 77 379 429 581 220 444 769 700 745 788 351 687 686 253 755 698 246 948 305 337 0 224 108
574 1185 1170 93 199 831 975 958 301 597 614 770 295 667 975 921 969 943 545 783 711 192 896 808 444 1147 514 549 224 0 308
364 957 941 288 312 523 775 781 82 291 322 583 314 392 746 647 671 813 359 747 773 361 790 752 262 931 206 241 108 308 0
