30 4
0 379 495 464 542 23 448 462 526 135 424 511 358 415 487 345 495 227 349 549 439 492 560 257 75 420 186 199 523 493 49
379 0 524 559 844 356 708 459 814 377 584 183 430 628 311 483 811 458 225 251 621 340 479 173 421 762 426 354 198 212 381
495 524 0 936 517 485 363 67 473 616 179 705 812 910 814 171 520 298 300 775 931 837 150 578 447 869 675 297 720 406 541
464 559 936 0 961 465 899 890 958 330 888 531 133 175 348 803 907 691 700 505 128 319 963 401 535 458 282 644 531 766 416
542 844 517 961 0 555 157 555 45 661 340 1013 882 845 1026 405 58 386 676 1065 889 1032 666 782 469 647 689 490 1027 839 580
23 356 485 465 555 0 456 449 538 136 423 490 355 425 472 339 510 226 328 530 446 478 545 238 86 441 191 188 502 471 56
448 708 363 899 157 456 0 399 116 579 185 883 804 807 916 251 158 254 526 940 845 927 511 666 373 656 618 355 897 686 493
462 459 67 890 555 449 399 0 512 576 215 639 763 873 753 172 552 287 235 709 891 776 120 521 422 852 636 263 653 340 505
526 814 473 958 45 538 116 512 0 650 297 986 874 848 1007 366 81 357 640 1041 890 1015 622 761 452 662 681 461 1000 802 567
135 377 616 330 661 136 579 576 650 0 558 464 226 300 392 475 611 361 423 486 315 390 664 214 207 385 62 320 473 539 87
424 584 179 888 340 423 185 215 297 558 0 766 775 830 835 102 341 198 377 830 859 851 326 584 359 740 610 260 781 524 473
511 183 705 531 1013 490 883 639 986 464 766 0 421 646 201 665 977 630 406 73 624 235 647 256 567 838 495 528 15 347 497
358 430 812 133 882 355 804 763 874 226 775 421 0 228 261 686 831 581 568 407 203 241 833 269 432 468 195 524 423 635 312
415 628 910 175 845 425 807 873 848 300 830 646 228 0 487 758 789 633 719 635 51 464 963 456 472 287 238 613 649 818 369
487 311 814 348 1026 472 916 753 1007 392 835 201 261 487 0 734 981 665 522 159 456 34 787 252 557 721 399 577 196 515 456
345 483 171 803 405 339 251 172 366 475 102 665 686 758 734 0 394 130 281 728 784 752 292 485 287 699 530 163 679 437 393
495 811 520 907 58 510 158 552 81 611 341 977 831 789 981 394 0 357 654 1027 832 987 667 741 424 589 636 461 990 819 531
227 458 298 691 386 226 254 287 357 361 198 630 581 633 665 130 357 0 303 686 662 678 403 414 161 570 412 104 644 471 275
349 225 300 700 676 328 526 235 640 423 377 406 568 719 522 281 654 303 0 475 726 547 270 306 349 769 484 208 420 168 378
549 251 775 505 1065 530 940 709 1041 486 830 73 407 635 159 728 1027 686 475 0 608 191 720 292 610 847 509 586 60 420 530
439 621 931 128 889 446 845 891 890 315 859 624 203 51 456 784 832 662 726 608 0 431 977 450 500 338 256 634 626 817 391
492 340 837 319 1032 478 927 776 1015 390 851 235 241 464 34 752 987 678 547 191 431 0 814 267 564 705 392 593 230 547 458
560 479 150 963 666 545 511 120 622 664 326 647 833 963 787 292 667 403 270 720 977 814 0 576 528 962 725 365 661 313 600
257 173 578 401 782 238 666 521 761 214 584 256 269 456 252 485 741 414 306 292 450 267 576 0 320 597 256 326 267 367 241
75 421 447 535 469 86 373 422 452 207 359 567 432 472 557 287 424 161 349 610 500 564 528 320 0 435 253 164 580 506 120
420 762 869 458 647 441 656 852 662 385 740 838 468 287 721 699 589 570 769 847 338 705 962 597 435 0 343 599 845 909 396
186 426 675 282 689 191 618 636 681 62 610 495 195 238 399 530 636 412 484 509 256 392 725 256 253 343 0 378 503 596 137
199 354 297 644 490 188 355 263 461 320 260 528 524 613 577 163 461 104 208 586 634 593 365 326 164 599 378 0 543 375 244
523 198 720 531 1027 502 897 653 1000 473 781 15 423 649 196 679 990 644 420 60 626 230 661 267 580 845 503 543 0 360 508
493 212 406 766 839 471 686 340 802 539 524 347 635 818 515 437 819 471 168 420 817 547 313 367 506 909 596 375 360 0 513
49 381 541 416 580 56 493 505 567 87 473 497 312 369 456 393 531 275 378 530 391 458 600 241 120 396 137 244 508 513 0
