30 4
0 372 488 519 449 279 43 201 420 404 627 369 135 400 541 232 400 286 612 458 670 502 494 612 230 566 252 473 392 464 66
372 0 768 827 478 419 338 564 764 93 349 741 309 674 187 445 647 100 958 827 570 139 709 884 280 419 336 116 219 490 370
488 768 0 762 927 362 529 477 610 836 843 422 468 94 872 686 129 669 724 499 1156 855 870 124 492 668 442 884 641 442 441
519 827 762 0 524 766 528 344 152 812 1136 343 653 721 1014 387 758 770 189 297 752 966 235 857 749 1084 764 891 907 957 572
449 478 927 524 0 703 414 486 554 413 827 656 534 844 646 247 848 486 706 693 250 594 313 1050 596 873 646 480 663 862 509
279 419 362 766 703 0 300 422 640 497 497 515 170 273 509 510 235 324 817 616 894 494 771 470 140 357 83 534 280 191 213
43 338 529 528 414 300 0 228 439 364 610 404 140 440 512 211 438 257 633 489 630 471 483 653 230 562 262 435 379 478 95
201 564 477 344 486 422 228 0 223 582 827 188 324 413 740 241 439 484 413 264 734 698 395 592 419 751 426 656 591 613 239
420 764 610 152 554 640 439 223 0 766 1047 191 547 572 947 356 611 694 194 161 799 902 326 705 642 974 648 844 812 829 462
404 93 836 812 413 497 364 582 766 0 420 766 368 741 233 426 718 174 956 845 481 180 671 954 357 509 415 79 312 581 416
627 349 843 1136 827 497 610 827 1047 420 0 973 507 762 204 771 715 371 1239 1071 892 249 1046 932 419 207 438 374 238 422 591
369 741 422 343 656 515 404 188 191 766 973 0 468 393 909 419 438 654 316 100 906 871 493 514 555 868 545 838 736 694 386
135 309 468 653 534 170 140 324 547 368 507 468 0 374 450 350 356 210 737 564 728 419 623 589 96 431 121 422 269 339 85
400 674 94 721 844 273 440 413 572 741 762 393 374 0 781 607 55 575 706 482 1069 763 808 216 399 596 351 790 553 376 350
541 187 872 1014 646 509 512 740 947 233 204 909 450 781 0 632 744 255 1141 999 691 53 894 978 388 355 431 174 236 511 526
232 445 686 387 247 510 211 241 356 426 771 419 350 607 632 0 617 400 538 470 493 583 281 807 435 757 472 504 559 689 298
400 647 129 758 848 235 438 439 611 718 715 438 356 55 744 617 0 548 753 529 1067 729 833 237 368 545 316 763 512 322 344
286 100 669 770 486 324 257 484 694 174 371 654 210 575 255 400 548 0 888 744 617 216 676 785 184 387 241 215 177 415 276
612 958 724 189 706 817 633 413 194 956 1239 316 737 706 1141 538 753 888 0 225 940 1096 424 798 831 1160 833 1034 1004 1002 652
458 827 499 297 693 616 489 264 161 845 1071 100 564 482 999 470 529 744 225 0 942 959 486 578 653 968 645 919 833 794 481
670 570 1156 752 250 894 630 734 799 481 892 906 728 1069 691 493 1067 617 940 942 0 643 523 1280 769 988 825 518 785 1027 723
502 139 855 966 594 494 471 698 902 180 249 871 419 763 53 583 729 216 1096 959 643 0 842 965 366 381 413 125 233 515 491
494 709 870 235 313 771 483 395 326 671 1046 493 623 808 894 281 833 676 424 486 523 842 0 981 712 1038 744 747 839 958 559
612 884 124 857 1050 470 653 592 705 954 932 514 589 216 978 807 237 785 798 578 1280 965 981 0 605 745 552 1000 744 516 565
230 280 492 749 596 140 230 419 642 357 419 555 96 399 388 435 368 184 831 653 769 366 712 605 0 336 59 396 182 265 179
566 419 668 1084 873 357 562 751 974 509 207 868 431 596 355 757 545 387 1160 968 988 381 1038 745 336 0 326 491 210 229 513
252 336 442 764 646 83 262 426 648 415 438 545 121 351 431 472 316 241 833 645 825 413 744 552 59 326 0 451 209 219 192
473 116 884 891 480 534 435 656 844 79 374 838 422 790 174 504 763 215 1034 919 518 125 747 1000 396 491 451 0 313 594 479
392 219 641 907 663 280 379 591 812 312 238 736 269 553 236 559 512 177 1004 833 785 233 839 744 182 210 209 313 0 284 354
464 490 442 957 862 191 478 613 829 581 422 694 339 376 511 689 322 415 1002 794 1027 515 958 516 265 229 219 594 284 0 399
66 370 441 572 509 213 95 239 462 416 591 386 85 350 526 298 344 276 652 481 723 491 559 565 179 513 192 479 354 399 0
