30 4
0 278 371 454 119 169 449 650 358 244 401 235 360 63 180 515 303 519 449 278 520 526 436 491 496 556 516 226 260 595 253
278 0 568 357 394 397 177 397 627 47 410 507 398 340 170 782 44 295 709 219 242 773 188 737 359 799 662 126 388 758 198
371 568 0 824 357 468 691 965 459 521 324 390 723 354 542 325 608 855 561 646 775 248 754 634 543 262 805 450 605 857 619
454 357 824 0 512 432 444 365 662 390 754 579 193 486 284 931 320 228 697 179 441 967 269 687 713 999 468 465 306 565 207
119 394 357 512 0 111 567 751 239 362 477 116 377 56 271 423 415 614 334 351 636 456 540 381 602 488 460 343 251 526 331
169 397 468 432 111 0 574 711 245 376 565 147 276 132 242 502 407 567 314 292 632 551 511 340 662 585 356 381 145 429 280
449 177 691 444 567 574 0 315 802 206 458 681 540 513 341 938 173 282 885 360 85 915 183 913 313 939 820 249 554 918 347
650 397 965 365 751 711 315 0 956 444 768 849 545 705 480 1164 359 148 1015 422 243 1166 215 1020 623 1193 831 517 627 930 432
358 627 459 662 239 245 802 956 0 598 680 123 484 295 483 327 643 812 106 536 867 420 754 175 832 453 406 582 356 428 525
244 47 521 390 362 376 206 444 598 0 369 476 410 307 167 740 90 342 684 237 279 728 235 716 339 754 662 81 385 755 212
401 410 324 754 477 565 458 768 680 369 0 571 731 435 487 643 454 697 786 585 540 571 585 846 226 583 917 290 655 994 558
235 507 390 579 116 147 681 849 123 476 571 0 416 172 371 359 525 708 221 435 748 420 643 275 712 455 419 459 284 467 420
360 398 723 193 377 276 540 545 484 410 731 416 0 369 250 775 377 399 509 182 564 827 398 495 749 861 292 464 132 391 201
63 340 354 486 56 132 513 705 295 307 435 172 369 0 229 461 364 571 389 317 582 482 493 434 549 513 488 287 253 560 295
180 170 542 284 271 242 341 480 483 167 487 371 250 229 0 690 169 343 555 105 392 706 272 576 501 736 495 215 219 589 78
515 782 325 931 423 502 938 1164 327 740 643 359 775 461 690 0 813 1032 387 774 1017 124 950 462 852 148 733 690 642 747 754
303 44 608 320 415 407 173 359 643 90 454 525 377 364 169 813 0 252 720 195 225 808 146 744 393 835 650 170 382 748 178
519 295 855 228 614 567 282 148 812 342 697 708 399 571 343 1032 252 0 868 276 245 1043 112 872 591 1071 688 421 479 787 288
449 709 561 697 334 314 885 1015 106 684 786 221 509 389 555 387 720 868 0 593 945 494 821 77 933 526 366 675 394 364 586
278 219 646 179 351 292 360 422 536 237 585 435 182 317 105 774 195 276 593 0 391 799 237 601 575 830 462 302 211 561 28
520 242 775 441 636 632 85 243 867 279 540 748 564 582 392 1017 225 245 945 391 0 998 173 968 380 1021 852 330 596 951 384
526 773 248 967 456 551 915 1166 420 728 571 420 827 482 706 124 808 1043 494 799 998 0 951 571 790 34 822 668 696 847 776
436 188 754 269 540 511 183 215 754 235 585 643 398 493 272 950 146 112 821 237 173 951 0 835 483 979 689 313 448 789 237
491 737 634 687 381 340 913 1020 175 716 846 275 495 434 576 462 744 872 77 601 968 571 835 0 983 602 313 715 393 296 597
496 359 543 713 602 662 313 623 832 339 226 712 749 549 501 852 393 591 933 575 380 790 483 983 0 804 987 291 710 1076 551
556 799 262 999 488 585 939 1193 453 754 583 455 861 513 736 148 835 1071 526 830 1021 34 979 602 804 0 856 692 730 880 807
516 662 805 468 460 356 820 831 406 662 917 419 292 488 495 733 650 688 366 462 852 822 689 313 987 856 0 696 278 100 473
226 126 450 465 343 381 249 517 582 81 290 459 464 287 215 690 170 421 675 302 330 668 313 715 291 692 696 0 418 786 275
260 388 605 306 251 145 554 627 356 385 655 284 132 253 219 642 382 479 394 211 596 696 448 393 710 730 278 418 0 371 213
595 758 857 565 526 429 918 930 428 755 994 467 391 560 589 747 748 787 364 561 951 847 789 296 1076 880 100 786 371 0 571
253 198 619 207 331 280 347 432 525 212 558 420 201 295 78 754 178 288 586 28 384 776 237 597 551 807 473 275 213 571 0
