30 4
0 321 461 96 532 646 108 484 426 518 59 254 440 523 364 646 588 361 396 375 379 249 461 611 544 429 384 243 105 402 248
321 0 449 244 233 338 304 698 747 199 377 130 573 638 95 966 579 662 510 118 73 337 782 933 862 262 697 391 260 129 174
461 449 0 389 648 719 353 944 715 513 467 526 892 973 544 886 135 558 180 567 426 214 783 889 780 706 769 245 366 576 294
96 244 389 0 468 578 72 568 507 434 140 210 503 583 304 724 521 419 357 318 293 187 548 694 619 403 478 206 29 343 152
532 233 648 468 0 115 534 807 956 167 591 284 645 688 168 1177 767 887 735 160 225 567 982 1137 1076 223 882 624 488 132 403
646 338 719 578 115 0 641 914 1071 207 704 399 746 783 282 1291 829 998 823 275 313 662 1097 1252 1190 320 998 722 597 247 500
108 304 353 72 534 641 0 591 464 485 122 282 547 629 372 676 480 360 295 388 345 140 512 652 569 475 458 141 46 411 176
484 698 944 568 807 914 591 0 502 882 479 571 185 210 675 654 1067 601 852 668 771 730 456 581 609 596 332 711 586 694 711
426 747 715 507 956 1071 464 502 0 941 370 673 607 676 788 221 796 169 554 797 801 542 77 188 128 822 169 484 498 825 640
518 199 513 434 167 207 485 882 941 0 571 313 740 795 208 1158 622 845 627 220 141 477 979 1128 1052 350 896 541 445 199 321
59 377 467 140 591 704 122 479 370 571 0 312 458 541 423 589 588 303 379 433 432 254 408 556 487 485 340 232 139 460 286
254 130 526 210 284 399 282 571 673 313 312 0 443 509 119 894 660 615 546 124 203 366 698 854 795 195 600 405 237 152 232
440 573 892 503 645 746 547 185 607 740 458 443 0 83 532 791 1024 665 835 520 646 685 580 723 728 426 449 683 527 544 626
523 638 973 583 688 783 629 210 676 795 541 509 83 0 589 849 1105 743 918 575 709 767 642 779 793 465 512 766 608 597 702
364 95 544 304 168 282 372 675 788 208 423 119 532 589 0 1009 674 720 600 23 140 424 816 970 908 173 719 474 326 40 265
646 966 886 724 1177 1291 676 654 221 1158 589 894 791 849 1009 0 944 333 711 1018 1017 736 214 76 108 1040 344 673 713 1046 850
588 579 135 521 767 829 480 1067 796 622 588 660 1024 1105 674 944 0 630 242 697 550 340 868 957 844 839 869 357 497 704 429
361 662 558 419 887 998 360 601 169 845 303 615 665 743 720 333 630 0 390 733 705 404 244 331 225 788 293 341 402 759 529
396 510 180 357 735 823 295 852 554 627 379 546 835 918 600 711 242 390 0 621 511 180 626 719 608 740 631 154 328 637 335
375 118 567 318 160 275 388 668 797 220 433 124 520 575 23 1018 697 733 621 0 162 444 822 977 918 151 723 494 341 29 287
379 73 426 293 225 313 345 771 801 141 432 203 646 709 140 1017 550 705 511 162 0 349 840 988 912 313 760 410 305 160 187
249 337 214 187 567 662 140 730 542 477 254 366 685 767 424 736 340 404 180 444 349 0 602 725 628 560 569 67 160 462 164
461 782 783 548 982 1097 512 456 77 979 408 698 580 642 816 214 868 244 626 822 840 602 0 158 153 833 131 547 543 851 688
611 933 889 694 1137 1252 652 581 188 1128 556 854 723 779 970 76 957 331 719 977 988 725 158 0 118 991 281 665 686 1006 828
544 862 780 619 1076 1190 569 609 128 1052 487 795 728 793 908 108 844 225 608 918 912 628 153 118 0 948 281 565 607 945 743
429 262 706 403 223 320 475 596 822 350 485 195 426 465 173 1040 839 788 740 151 313 560 833 991 948 0 719 600 430 158 416
384 697 769 478 882 998 458 332 169 896 340 600 449 512 719 344 869 293 631 723 760 569 131 281 281 719 0 524 479 752 627
243 391 245 206 624 722 141 711 484 541 232 405 683 766 474 673 357 341 154 494 410 67 547 665 565 600 524 0 177 513 223
105 260 366 29 488 597 46 586 498 445 139 237 527 608 326 713 497 402 328 341 305 160 543 686 607 430 479 177 0 365 148
402 129 576 343 132 247 411 694 825 199 460 152 544 597 40 1046 704 759 637 29 160 462 851 1006 945 158 752 513 365 0 302
248 174 294 152 403 500 176 711 640 321 286 232 626 702 265 850 429 529 335 287 187 164 688 828 743 416 627 223 148 302 0
